$cell
 7.95952644042837 7.95952644042837 7.95952644042837 90.0 90.0 90.0
$coord
  0.00000000000000  0.00000000000000  0.00000000000000 mg
  0.00000000000000  3.97976322021418  3.97976322021418 mg
  3.97976322021418  0.00000000000000  3.97976322021418 mg
  3.97976322021418  3.97976322021418  0.00000000000000 mg
  3.97976322021418  0.00000000000000  0.00000000000000 o
  0.00000000000000  3.97976322021418  0.00000000000000 o
  0.00000000000000  0.00000000000000  3.97976322021418 o
  3.97976322021418  3.97976322021418  3.97976322021418 o
$end
