#     DOS
#     E - Ef       total           s           p           d
# Ef =         0.3840051700
     -0.83401      0.00000      0.00000      0.00000      0.00000
     -0.83284      0.00000      0.00000      0.00000      0.00000
     -0.83167      0.00000      0.00000      0.00000      0.00000
     -0.83050      0.00000      0.00000      0.00000      0.00000
     -0.82933      0.00000      0.00000      0.00000      0.00000
     -0.82817      0.00000      0.00000      0.00000      0.00000
     -0.82700      0.00000      0.00000      0.00000      0.00000
     -0.82583      0.00000      0.00000      0.00000      0.00000
     -0.82466      0.00000      0.00000      0.00000      0.00000
     -0.82350      0.00000      0.00000      0.00000      0.00000
     -0.82233      0.00000      0.00000      0.00000      0.00000
     -0.82116      0.00000      0.00000      0.00000      0.00000
     -0.81999      0.00000      0.00000      0.00000      0.00000
     -0.81883      0.00000      0.00000      0.00000      0.00000
     -0.81766      0.00000      0.00000      0.00000      0.00000
     -0.81649      0.00000      0.00000      0.00000      0.00000
     -0.81532      0.00000      0.00000      0.00000      0.00000
     -0.81416      0.00000      0.00000      0.00000      0.00000
     -0.81299      0.00000      0.00000      0.00000      0.00000
     -0.81182      0.00000      0.00000      0.00000      0.00000
     -0.81065      0.00000      0.00000      0.00000      0.00000
     -0.80948      0.00000      0.00000      0.00000      0.00000
     -0.80832      0.00000      0.00000      0.00000      0.00000
     -0.80715      0.00000      0.00000      0.00000      0.00000
     -0.80598      0.00000      0.00000      0.00000      0.00000
     -0.80481      0.00000      0.00000      0.00000      0.00000
     -0.80365      0.00000      0.00000      0.00000      0.00000
     -0.80248      0.00000      0.00000      0.00000      0.00000
     -0.80131      0.00000      0.00000      0.00000      0.00000
     -0.80014      0.00000      0.00000      0.00000      0.00000
     -0.79898      0.00000      0.00000      0.00000      0.00000
     -0.79781      0.00000      0.00000      0.00000      0.00000
     -0.79664      0.00000      0.00000      0.00000      0.00000
     -0.79547      0.00000      0.00000      0.00000      0.00000
     -0.79431      0.00000      0.00000      0.00000      0.00000
     -0.79314      0.00000      0.00000      0.00000      0.00000
     -0.79197      0.00000      0.00000      0.00000      0.00000
     -0.79080      0.00000      0.00000      0.00000      0.00000
     -0.78963      0.00000      0.00000      0.00000      0.00000
     -0.78847      0.00000      0.00000      0.00000      0.00000
     -0.78730      0.00000      0.00000      0.00000      0.00000
     -0.78613      0.00000      0.00000      0.00000      0.00000
     -0.78496      0.00000      0.00000      0.00000      0.00000
     -0.78380      0.00000      0.00000      0.00000      0.00000
     -0.78263      0.00000      0.00000      0.00000      0.00000
     -0.78146      0.00000      0.00000      0.00000      0.00000
     -0.78029      0.00000      0.00000      0.00000      0.00000
     -0.77913      0.00000      0.00000      0.00000      0.00000
     -0.77796      0.00000      0.00000      0.00000      0.00000
     -0.77679      0.00000      0.00000      0.00000      0.00000
     -0.77562      0.00000      0.00000      0.00000      0.00000
     -0.77446      0.00000      0.00000      0.00000      0.00000
     -0.77329      0.00000      0.00000      0.00000      0.00000
     -0.77212      0.00000      0.00000      0.00000      0.00000
     -0.77095      0.00000      0.00000      0.00000      0.00000
     -0.76978      0.00000      0.00000      0.00000      0.00000
     -0.76862      0.00000      0.00000      0.00000      0.00000
     -0.76745      0.00000      0.00000      0.00000      0.00000
     -0.76628      0.00000      0.00000      0.00000      0.00000
     -0.76511      0.00000      0.00000      0.00000      0.00000
     -0.76395      0.00000      0.00000      0.00000      0.00000
     -0.76278      0.00000      0.00000      0.00000      0.00000
     -0.76161      0.00000      0.00000      0.00000      0.00000
     -0.76044      0.00000      0.00000      0.00000      0.00000
     -0.75928      0.00000      0.00000      0.00000      0.00000
     -0.75811      0.00000      0.00000      0.00000      0.00000
     -0.75694      0.00000      0.00000      0.00000      0.00000
     -0.75577      0.00000      0.00000      0.00000      0.00000
     -0.75461      0.00000      0.00000      0.00000      0.00000
     -0.75344      0.00000      0.00000      0.00000      0.00000
     -0.75227      0.00000      0.00000      0.00000      0.00000
     -0.75110      0.00000      0.00000      0.00000      0.00000
     -0.74994      0.00000      0.00000      0.00000      0.00000
     -0.74877      0.00000      0.00000      0.00000      0.00000
     -0.74760      0.00000      0.00000      0.00000      0.00000
     -0.74643      0.00000      0.00000      0.00000      0.00000
     -0.74526      0.00000      0.00000      0.00000      0.00000
     -0.74410      0.00000      0.00000      0.00000      0.00000
     -0.74293      0.00000      0.00000      0.00000      0.00000
     -0.74176      0.00000      0.00000      0.00000      0.00000
     -0.74059      0.00000      0.00000      0.00000      0.00000
     -0.73943      0.00000      0.00000      0.00000      0.00000
     -0.73826      0.00084      0.00084      0.00000     -0.00000
     -0.73709      0.00158      0.00158      0.00000     -0.00000
     -0.73592      0.00287      0.00287      0.00000     -0.00000
     -0.73476      0.00507      0.00507      0.00000     -0.00000
     -0.73359      0.00868      0.00868      0.00000     -0.00000
     -0.73242      0.01444      0.01444      0.00000     -0.00000
     -0.73125      0.03261      0.03254      0.00007      0.00000
     -0.73009      0.05371      0.05357      0.00014      0.00000
     -0.72892      0.08638      0.08613      0.00024      0.00000
     -0.72775      0.13569      0.13526      0.00043      0.00000
     -0.72658      0.20824      0.20752      0.00072      0.00000
     -0.72541      0.31231      0.31113      0.00118      0.00000
     -0.72425      0.45774      0.45587      0.00187      0.00000
     -0.72308      0.65568      0.65278      0.00290      0.00000
     -0.72191      0.91782      0.91347      0.00435      0.00000
     -0.72074      1.25532      1.24899      0.00633      0.00000
     -0.71958      1.67721      1.66825      0.00895      0.00000
     -0.71841      2.18840      2.17611      0.01229      0.00001
     -0.71724      2.78758      2.77119      0.01638      0.00001
     -0.71607      3.49546      3.47352      0.02189      0.00004
     -0.71491      4.25751      4.22953      0.02791      0.00007
     -0.71374      5.06752      5.03263      0.03476      0.00012
     -0.71257      5.89768      5.85506      0.04241      0.00021
     -0.71140      6.71830      6.66711      0.05086      0.00034
     -0.71024      7.50293      7.44220      0.06019      0.00054
     -0.70907      8.23414      8.16265      0.07064      0.00085
     -0.70790      8.90889      8.82495      0.08264      0.00130
     -0.70673      9.54215      9.44338      0.09685      0.00193
     -0.70556     10.16731     10.05045      0.11407      0.00279
     -0.70440     10.85674     10.71669      0.13610      0.00394
     -0.70323     11.63819     11.47004      0.16275      0.00540
     -0.70206     12.58165     12.37921      0.19525      0.00719
     -0.70089     13.73073     13.48742      0.23401      0.00930
     -0.69973     15.10437     14.81375      0.27890      0.01172
     -0.69856     16.68931     16.34574      0.32921      0.01437
     -0.69739     18.43830     18.03750      0.38364      0.01716
     -0.69622     20.28143     19.82061      0.44083      0.02000
     -0.69506     22.13962     21.61757      0.49913      0.02293
     -0.69389     23.89361     23.31159      0.55638      0.02564
     -0.69272     25.47865     24.83860      0.61185      0.02821
     -0.69155     26.84798     26.15212      0.66522      0.03063
     -0.69039     27.98949     27.23949      0.71698      0.03301
     -0.68922     28.94309     28.13928      0.76828      0.03552
     -0.68805     29.81896     28.95744      0.82279      0.03873
     -0.68688     30.63531     29.71320      0.87958      0.04253
     -0.68571     31.54416     30.55361      0.94297      0.04759
     -0.68455     32.59926     31.53271      1.01230      0.05425
     -0.68338     33.86881     32.71661      1.08917      0.06303
     -0.68221     35.46450     34.21545      1.17462      0.07444
     -0.68104     37.41286     36.05388      1.26983      0.08915
     -0.67988     39.73631     38.25393      1.37468      0.10769
     -0.67871     42.45137     40.83039      1.49086      0.13012
     -0.67754     45.65758     43.87783      1.62198      0.15777
     -0.67637     49.31829     47.35945      1.76900      0.18984
     -0.67521     53.50582     51.34315      1.93562      0.22705
     -0.67404     58.25327     55.85930      2.12436      0.26961
     -0.67287     63.57595     60.92165      2.33658      0.31772
     -0.67170     69.46133     66.51799      2.57174      0.37160
     -0.67054     75.86126     72.60288      2.82686      0.43152
     -0.66937     82.68772     79.09372      3.09616      0.49784
     -0.66820     89.75005     85.80952      3.36966      0.57086
     -0.66703     97.03646     92.74542      3.64001      0.65103
     -0.66587    104.24722     99.61657      3.89241      0.73824
     -0.66470    111.16539    106.21942      4.11400      0.83197
     -0.66353    117.55296    112.32958      4.29244      0.93093
     -0.66236    123.15735    117.70753      4.41705      1.03277
     -0.66119    127.71837    122.10473      4.47969      1.13396
     -0.66003    130.97718    125.27196      4.47542      1.22980
     -0.65886    132.68912    126.97170      4.40271      1.31470
     -0.65769    132.64176    126.99568      4.26347      1.38260
     -0.65652    130.60033    125.11290      4.05986      1.42757
     -0.65536    126.67578    121.42428      3.80653      1.44497
     -0.65419    120.76611    115.82605      3.50859      1.43147
     -0.65302    113.01887    108.45514      3.17758      1.38615
     -0.65185    103.69898     99.56257      2.82581      1.31060
     -0.65069     93.17631     89.50168      2.46581      1.20882
     -0.64952     81.89761     78.70118      2.10960      1.08683
     -0.64835     70.31579     67.59740      1.76649      0.95191
     -0.64718     58.90069     56.64209      1.44743      0.81117
     -0.64602     48.22099     46.38551      1.16205      0.67344
     -0.64485     38.48341     37.02798      0.91151      0.54392
     -0.64368     29.92300     28.79763      0.69809      0.42727
     -0.64251     22.65861     21.81055      0.52169      0.32638
     -0.64134     16.70273     16.08016      0.38019      0.24238
     -0.64018     11.84263     11.40398      0.26457      0.17409
     -0.63901      8.28545      7.97930      0.18386      0.12229
     -0.63784      5.56929      5.36531      0.12073      0.08325
     -0.63667      3.68934      3.55429      0.07981      0.05523
     -0.63551      2.37462      2.28774      0.05128      0.03560
     -0.63434      1.48499      1.43069      0.03202      0.02229
     -0.63317      0.82655      0.79723      0.01645      0.01287
     -0.63200      0.40800      0.39286      0.00901      0.00614
     -0.63084      0.22472      0.21619      0.00523      0.00330
     -0.62967      0.00000      0.00000      0.00000      0.00000
     -0.62850      0.00000      0.00000      0.00000      0.00000
     -0.62733      0.00000      0.00000      0.00000      0.00000
     -0.62617      0.00000      0.00000      0.00000      0.00000
     -0.62500      0.00000      0.00000      0.00000      0.00000
     -0.62383      0.00000      0.00000      0.00000      0.00000
     -0.62266      0.00000      0.00000      0.00000      0.00000
     -0.62149      0.00000      0.00000      0.00000      0.00000
     -0.62033      0.00000      0.00000      0.00000      0.00000
     -0.61916      0.00000      0.00000      0.00000      0.00000
     -0.61799      0.00000      0.00000      0.00000      0.00000
     -0.61682      0.00000      0.00000      0.00000      0.00000
     -0.61566      0.00000      0.00000      0.00000      0.00000
     -0.61449      0.00000      0.00000      0.00000      0.00000
     -0.61332      0.00000      0.00000      0.00000      0.00000
     -0.61215      0.00000      0.00000      0.00000      0.00000
     -0.61099      0.00000      0.00000      0.00000      0.00000
     -0.60982      0.00000      0.00000      0.00000      0.00000
     -0.60865      0.00000      0.00000      0.00000      0.00000
     -0.60748      0.00000      0.00000      0.00000      0.00000
     -0.60632      0.00000      0.00000      0.00000      0.00000
     -0.60515      0.00000      0.00000      0.00000      0.00000
     -0.60398      0.00000      0.00000      0.00000      0.00000
     -0.60281      0.00000      0.00000      0.00000      0.00000
     -0.60164      0.00000      0.00000      0.00000      0.00000
     -0.60048      0.00000      0.00000      0.00000      0.00000
     -0.59931      0.00000      0.00000      0.00000      0.00000
     -0.59814      0.00000      0.00000      0.00000      0.00000
     -0.59697      0.00000      0.00000      0.00000      0.00000
     -0.59581      0.00000      0.00000      0.00000      0.00000
     -0.59464      0.00000      0.00000      0.00000      0.00000
     -0.59347      0.00000      0.00000      0.00000      0.00000
     -0.59230      0.00000      0.00000      0.00000      0.00000
     -0.59114      0.00000      0.00000      0.00000      0.00000
     -0.58997      0.00000      0.00000      0.00000      0.00000
     -0.58880      0.00000      0.00000      0.00000      0.00000
     -0.58763      0.00000      0.00000      0.00000      0.00000
     -0.58647      0.00000      0.00000      0.00000      0.00000
     -0.58530      0.00000      0.00000      0.00000      0.00000
     -0.58413      0.00000      0.00000      0.00000      0.00000
     -0.58296      0.00000      0.00000      0.00000      0.00000
     -0.58179      0.00000      0.00000      0.00000      0.00000
     -0.58063      0.00000      0.00000      0.00000      0.00000
     -0.57946      0.00000      0.00000      0.00000      0.00000
     -0.57829      0.00000      0.00000      0.00000      0.00000
     -0.57712      0.00000      0.00000      0.00000      0.00000
     -0.57596      0.00000      0.00000      0.00000      0.00000
     -0.57479      0.00000      0.00000      0.00000      0.00000
     -0.57362      0.00000      0.00000      0.00000      0.00000
     -0.57245      0.00000      0.00000      0.00000      0.00000
     -0.57129      0.00000      0.00000      0.00000      0.00000
     -0.57012      0.00000      0.00000      0.00000      0.00000
     -0.56895      0.00000      0.00000      0.00000      0.00000
     -0.56778      0.00000      0.00000      0.00000      0.00000
     -0.56662      0.00000      0.00000      0.00000      0.00000
     -0.56545      0.00000      0.00000      0.00000      0.00000
     -0.56428      0.00000      0.00000      0.00000      0.00000
     -0.56311      0.00000      0.00000      0.00000      0.00000
     -0.56195      0.00000      0.00000      0.00000      0.00000
     -0.56078      0.00000      0.00000      0.00000      0.00000
     -0.55961      0.00000      0.00000      0.00000      0.00000
     -0.55844      0.00000      0.00000      0.00000      0.00000
     -0.55727      0.00000      0.00000      0.00000      0.00000
     -0.55611      0.00000      0.00000      0.00000      0.00000
     -0.55494      0.00000      0.00000      0.00000      0.00000
     -0.55377      0.00000      0.00000      0.00000      0.00000
     -0.55260      0.00000      0.00000      0.00000      0.00000
     -0.55144      0.00000      0.00000      0.00000      0.00000
     -0.55027      0.00000      0.00000      0.00000      0.00000
     -0.54910      0.00000      0.00000      0.00000      0.00000
     -0.54793      0.00000      0.00000      0.00000      0.00000
     -0.54677      0.00000      0.00000      0.00000      0.00000
     -0.54560      0.00000      0.00000      0.00000      0.00000
     -0.54443      0.00000      0.00000      0.00000      0.00000
     -0.54326      0.00000      0.00000      0.00000      0.00000
     -0.54210      0.00000      0.00000      0.00000      0.00000
     -0.54093      0.00000      0.00000      0.00000      0.00000
     -0.53976      0.00000      0.00000      0.00000      0.00000
     -0.53859      0.00000      0.00000      0.00000      0.00000
     -0.53742      0.00000      0.00000      0.00000      0.00000
     -0.53626      0.00000      0.00000      0.00000      0.00000
     -0.53509      0.00000      0.00000      0.00000      0.00000
     -0.53392      0.00000      0.00000      0.00000      0.00000
     -0.53275      0.00000      0.00000      0.00000      0.00000
     -0.53159      0.00000      0.00000      0.00000      0.00000
     -0.53042      0.00000      0.00000      0.00000      0.00000
     -0.52925      0.00000      0.00000      0.00000      0.00000
     -0.52808      0.00000      0.00000      0.00000      0.00000
     -0.52692      0.00000      0.00000      0.00000      0.00000
     -0.52575      0.00000      0.00000      0.00000      0.00000
     -0.52458      0.00000      0.00000      0.00000      0.00000
     -0.52341      0.00000      0.00000      0.00000      0.00000
     -0.52225      0.00000      0.00000      0.00000      0.00000
     -0.52108      0.00000      0.00000      0.00000      0.00000
     -0.51991      0.00000      0.00000      0.00000      0.00000
     -0.51874      0.00000      0.00000      0.00000      0.00000
     -0.51757      0.00000      0.00000      0.00000      0.00000
     -0.51641      0.00000      0.00000      0.00000      0.00000
     -0.51524      0.00000      0.00000      0.00000      0.00000
     -0.51407      0.00000      0.00000      0.00000      0.00000
     -0.51290      0.00000      0.00000      0.00000      0.00000
     -0.51174      0.00000      0.00000      0.00000      0.00000
     -0.51057      0.00000      0.00000      0.00000      0.00000
     -0.50940      0.00000      0.00000      0.00000      0.00000
     -0.50823      0.00000      0.00000      0.00000      0.00000
     -0.50707      0.00000      0.00000      0.00000      0.00000
     -0.50590      0.00000      0.00000      0.00000      0.00000
     -0.50473      0.00000      0.00000      0.00000      0.00000
     -0.50356      0.00000      0.00000      0.00000      0.00000
     -0.50240      0.00000      0.00000      0.00000      0.00000
     -0.50123      0.00000      0.00000      0.00000      0.00000
     -0.50006      0.00000      0.00000      0.00000      0.00000
     -0.49889      0.00000      0.00000      0.00000      0.00000
     -0.49772      0.00000      0.00000      0.00000      0.00000
     -0.49656      0.00000      0.00000      0.00000      0.00000
     -0.49539      0.00000      0.00000      0.00000      0.00000
     -0.49422      0.00000      0.00000      0.00000      0.00000
     -0.49305      0.00000      0.00000      0.00000      0.00000
     -0.49189      0.00000      0.00000      0.00000      0.00000
     -0.49072      0.00000      0.00000      0.00000      0.00000
     -0.48955      0.00000      0.00000      0.00000      0.00000
     -0.48838      0.00000      0.00000      0.00000      0.00000
     -0.48722      0.00000      0.00000      0.00000      0.00000
     -0.48605      0.00000      0.00000      0.00000      0.00000
     -0.48488      0.00000      0.00000      0.00000      0.00000
     -0.48371      0.00000      0.00000      0.00000      0.00000
     -0.48255      0.00000      0.00000      0.00000      0.00000
     -0.48138      0.00000      0.00000      0.00000      0.00000
     -0.48021      0.00000      0.00000      0.00000      0.00000
     -0.47904      0.00000      0.00000      0.00000      0.00000
     -0.47788      0.00000      0.00000      0.00000      0.00000
     -0.47671      0.00000      0.00000      0.00000      0.00000
     -0.47554      0.00000      0.00000      0.00000      0.00000
     -0.47437      0.00000      0.00000      0.00000      0.00000
     -0.47320      0.00000      0.00000      0.00000      0.00000
     -0.47204      0.00000      0.00000      0.00000      0.00000
     -0.47087      0.00000      0.00000      0.00000      0.00000
     -0.46970      0.00000      0.00000      0.00000      0.00000
     -0.46853      0.00000      0.00000      0.00000      0.00000
     -0.46737      0.00000      0.00000      0.00000      0.00000
     -0.46620      0.00000      0.00000      0.00000      0.00000
     -0.46503      0.00000      0.00000      0.00000      0.00000
     -0.46386      0.00000      0.00000      0.00000      0.00000
     -0.46270      0.00000      0.00000      0.00000      0.00000
     -0.46153      0.00000      0.00000      0.00000      0.00000
     -0.46036      0.00000      0.00000      0.00000      0.00000
     -0.45919      0.00000      0.00000      0.00000      0.00000
     -0.45803      0.00000      0.00000      0.00000      0.00000
     -0.45686      0.00000      0.00000      0.00000      0.00000
     -0.45569      0.00000      0.00000      0.00000      0.00000
     -0.45452      0.00000      0.00000      0.00000      0.00000
     -0.45335      0.00000      0.00000      0.00000      0.00000
     -0.45219      0.00000      0.00000      0.00000      0.00000
     -0.45102      0.00000      0.00000      0.00000      0.00000
     -0.44985      0.00000      0.00000      0.00000      0.00000
     -0.44868      0.00000      0.00000      0.00000      0.00000
     -0.44752      0.00000      0.00000      0.00000      0.00000
     -0.44635      0.00000      0.00000      0.00000      0.00000
     -0.44518      0.00000      0.00000      0.00000      0.00000
     -0.44401      0.00000      0.00000      0.00000      0.00000
     -0.44285      0.00000      0.00000      0.00000      0.00000
     -0.44168      0.00000      0.00000      0.00000      0.00000
     -0.44051      0.00000      0.00000      0.00000      0.00000
     -0.43934      0.00000      0.00000      0.00000      0.00000
     -0.43818      0.00000      0.00000      0.00000      0.00000
     -0.43701      0.00000      0.00000      0.00000      0.00000
     -0.43584      0.00000      0.00000      0.00000      0.00000
     -0.43467      0.00000      0.00000      0.00000      0.00000
     -0.43350      0.00000      0.00000      0.00000      0.00000
     -0.43234      0.00000      0.00000      0.00000      0.00000
     -0.43117      0.00000      0.00000      0.00000      0.00000
     -0.43000      0.00000      0.00000      0.00000      0.00000
     -0.42883      0.00000      0.00000      0.00000      0.00000
     -0.42767      0.00000      0.00000      0.00000      0.00000
     -0.42650      0.00000      0.00000      0.00000      0.00000
     -0.42533      0.00000      0.00000      0.00000      0.00000
     -0.42416      0.00000      0.00000      0.00000      0.00000
     -0.42300      0.00000      0.00000      0.00000      0.00000
     -0.42183      0.00000      0.00000      0.00000      0.00000
     -0.42066      0.00000      0.00000      0.00000      0.00000
     -0.41949      0.00000      0.00000      0.00000      0.00000
     -0.41833      0.00000      0.00000      0.00000      0.00000
     -0.41716      0.00000      0.00000      0.00000      0.00000
     -0.41599      0.00000      0.00000      0.00000      0.00000
     -0.41482      0.00000      0.00000      0.00000      0.00000
     -0.41365      0.00000      0.00000      0.00000      0.00000
     -0.41249      0.00000      0.00000      0.00000      0.00000
     -0.41132      0.00000      0.00000      0.00000      0.00000
     -0.41015      0.00000      0.00000      0.00000      0.00000
     -0.40898      0.00000      0.00000      0.00000      0.00000
     -0.40782      0.00000      0.00000      0.00000      0.00000
     -0.40665      0.00000      0.00000      0.00000      0.00000
     -0.40548      0.00000      0.00000      0.00000      0.00000
     -0.40431      0.00000      0.00000      0.00000      0.00000
     -0.40315      0.00000      0.00000      0.00000      0.00000
     -0.40198      0.00000      0.00000      0.00000      0.00000
     -0.40081      0.00000      0.00000      0.00000      0.00000
     -0.39964      0.00000      0.00000      0.00000      0.00000
     -0.39848      0.00000      0.00000      0.00000      0.00000
     -0.39731      0.00000      0.00000      0.00000      0.00000
     -0.39614      0.00000      0.00000      0.00000      0.00000
     -0.39497      0.00000      0.00000      0.00000      0.00000
     -0.39381      0.00000      0.00000      0.00000      0.00000
     -0.39264      0.00000      0.00000      0.00000      0.00000
     -0.39147      0.00000      0.00000      0.00000      0.00000
     -0.39030      0.00000      0.00000      0.00000      0.00000
     -0.38913      0.00000      0.00000      0.00000      0.00000
     -0.38797      0.00000      0.00000      0.00000      0.00000
     -0.38680      0.00000      0.00000      0.00000      0.00000
     -0.38563      0.00000      0.00000      0.00000      0.00000
     -0.38446      0.00000      0.00000      0.00000      0.00000
     -0.38330      0.00000      0.00000      0.00000      0.00000
     -0.38213      0.00000      0.00000      0.00000      0.00000
     -0.38096      0.00000      0.00000      0.00000      0.00000
     -0.37979      0.00000      0.00000      0.00000      0.00000
     -0.37863      0.00000      0.00000      0.00000      0.00000
     -0.37746      0.00000      0.00000      0.00000      0.00000
     -0.37629      0.00000      0.00000      0.00000      0.00000
     -0.37512      0.00000      0.00000      0.00000      0.00000
     -0.37396      0.00000      0.00000      0.00000      0.00000
     -0.37279      0.00000      0.00000      0.00000      0.00000
     -0.37162      0.00000      0.00000      0.00000      0.00000
     -0.37045      0.00000      0.00000      0.00000      0.00000
     -0.36928      0.00000      0.00000      0.00000      0.00000
     -0.36812      0.00000      0.00000      0.00000      0.00000
     -0.36695      0.00000      0.00000      0.00000      0.00000
     -0.36578      0.00000      0.00000      0.00000      0.00000
     -0.36461      0.00000      0.00000      0.00000      0.00000
     -0.36345      0.00000      0.00000      0.00000      0.00000
     -0.36228      0.00000      0.00000      0.00000      0.00000
     -0.36111      0.00000      0.00000      0.00000      0.00000
     -0.35994      0.00000      0.00000      0.00000      0.00000
     -0.35878      0.00000      0.00000      0.00000      0.00000
     -0.35761      0.00000      0.00000      0.00000      0.00000
     -0.35644      0.00000      0.00000      0.00000      0.00000
     -0.35527      0.00000      0.00000      0.00000      0.00000
     -0.35411      0.00000      0.00000      0.00000      0.00000
     -0.35294      0.00000      0.00000      0.00000      0.00000
     -0.35177      0.00000      0.00000      0.00000      0.00000
     -0.35060      0.00000      0.00000      0.00000      0.00000
     -0.34943      0.00000      0.00000      0.00000      0.00000
     -0.34827      0.00000      0.00000      0.00000      0.00000
     -0.34710      0.00000      0.00000      0.00000      0.00000
     -0.34593      0.00000      0.00000      0.00000      0.00000
     -0.34476      0.00000      0.00000      0.00000      0.00000
     -0.34360      0.00000      0.00000      0.00000      0.00000
     -0.34243      0.00000      0.00000      0.00000      0.00000
     -0.34126      0.00000      0.00000      0.00000      0.00000
     -0.34009      0.00000      0.00000      0.00000      0.00000
     -0.33893      0.00000      0.00000      0.00000      0.00000
     -0.33776      0.00000      0.00000      0.00000      0.00000
     -0.33659      0.00000      0.00000      0.00000      0.00000
     -0.33542      0.00000      0.00000      0.00000      0.00000
     -0.33426      0.00000      0.00000      0.00000      0.00000
     -0.33309      0.00000      0.00000      0.00000      0.00000
     -0.33192      0.00000      0.00000      0.00000      0.00000
     -0.33075      0.00000      0.00000      0.00000      0.00000
     -0.32958      0.00000      0.00000      0.00000      0.00000
     -0.32842      0.00000      0.00000      0.00000      0.00000
     -0.32725      0.00000      0.00000      0.00000      0.00000
     -0.32608      0.00000      0.00000      0.00000      0.00000
     -0.32491      0.00000      0.00000      0.00000      0.00000
     -0.32375      0.00000      0.00000      0.00000      0.00000
     -0.32258      0.00000      0.00000      0.00000      0.00000
     -0.32141      0.00000      0.00000      0.00000      0.00000
     -0.32024      0.00000      0.00000      0.00000      0.00000
     -0.31908      0.00000      0.00000      0.00000      0.00000
     -0.31791      0.00000      0.00000      0.00000      0.00000
     -0.31674      0.00000      0.00000      0.00000      0.00000
     -0.31557      0.00000      0.00000      0.00000      0.00000
     -0.31441      0.00000      0.00000      0.00000      0.00000
     -0.31324      0.00000      0.00000      0.00000      0.00000
     -0.31207      0.00000      0.00000      0.00000      0.00000
     -0.31090      0.00000      0.00000      0.00000      0.00000
     -0.30973      0.00000      0.00000      0.00000      0.00000
     -0.30857      0.00000      0.00000      0.00000      0.00000
     -0.30740      0.00000      0.00000      0.00000      0.00000
     -0.30623      0.00000      0.00000      0.00000      0.00000
     -0.30506      0.00000      0.00000      0.00000      0.00000
     -0.30390      0.00000      0.00000      0.00000      0.00000
     -0.30273      0.00000      0.00000      0.00000      0.00000
     -0.30156      0.00000      0.00000      0.00000      0.00000
     -0.30039      0.00000      0.00000      0.00000      0.00000
     -0.29923      0.00000      0.00000      0.00000      0.00000
     -0.29806      0.00000      0.00000      0.00000      0.00000
     -0.29689      0.00000      0.00000      0.00000      0.00000
     -0.29572      0.00000      0.00000      0.00000      0.00000
     -0.29456      0.00000      0.00000      0.00000      0.00000
     -0.29339      0.00000      0.00000      0.00000      0.00000
     -0.29222      0.00000      0.00000      0.00000      0.00000
     -0.29105      0.00000      0.00000      0.00000      0.00000
     -0.28989      0.00000      0.00000      0.00000      0.00000
     -0.28872      0.00000      0.00000      0.00000      0.00000
     -0.28755      0.00000      0.00000      0.00000      0.00000
     -0.28638      0.00000      0.00000      0.00000      0.00000
     -0.28521      0.00000      0.00000      0.00000      0.00000
     -0.28405      0.00000      0.00000      0.00000      0.00000
     -0.28288      0.00000      0.00000      0.00000      0.00000
     -0.28171      0.00000      0.00000      0.00000      0.00000
     -0.28054      0.00000      0.00000      0.00000      0.00000
     -0.27938      0.00000      0.00000      0.00000      0.00000
     -0.27821      0.00000      0.00000      0.00000      0.00000
     -0.27704      0.02075      0.00443      0.01588      0.00044
     -0.27587      0.03880      0.00829      0.02969      0.00082
     -0.27471      0.07045      0.01506      0.05391      0.00149
     -0.27354      0.12420      0.02655      0.09503      0.00262
     -0.27237      0.21258      0.04543      0.16265      0.00449
     -0.27120      0.35326      0.07550      0.27029      0.00746
     -0.27004      0.56994      0.12181      0.43609      0.01204
     -0.26887      0.89279      0.19081      0.68312      0.01886
     -0.26770      1.35783      0.29021      1.03894      0.02868
     -0.26653      2.01381      0.42986      1.54148      0.04246
     -0.26536      2.89099      0.61687      2.21319      0.06093
     -0.26420      4.03116      0.85974      3.08650      0.08491
     -0.26303      5.46036      1.16383      4.18161      0.11492
     -0.26186      7.18611      1.53042      5.50460      0.15108
     -0.26069      9.19047      1.95526      7.04226      0.19296
     -0.25953     11.42545      2.42749      8.75848      0.23947
     -0.25836     13.84391      2.93033     10.62458      0.28901
     -0.25719     16.30186      3.43913     12.52372      0.33901
     -0.25602     18.69851      3.92685     14.38481      0.38684
     -0.25486     20.93503      4.36809     16.13683      0.43011
     -0.25369     22.88209      4.73287     17.68348      0.46573
     -0.25252     24.53590      5.01282     19.03005      0.49303
     -0.25135     25.80692      5.18546     20.11159      0.50987
     -0.25019     26.76377      5.25741     20.98926      0.51711
     -0.24902     27.50282      5.24163     21.74492      0.51628
     -0.24785     28.17017      5.16151     22.49864      0.51002
     -0.24668     28.94770      5.04857     23.39728      0.50185
     -0.24551     30.07693      4.94187     24.63859      0.49646
     -0.24435     31.70391      4.87707     26.32948      0.49736
     -0.24318     34.03025      4.89290     28.62831      0.50905
     -0.24201     37.19468      5.02246     31.63699      0.53523
     -0.24084     41.29655      5.29423     35.42335      0.57897
     -0.23968     46.33005      5.72170     39.96658      0.64177
     -0.23851     52.24544      6.31091     45.21037      0.72416
     -0.23734     58.90740      7.05279     51.02960      0.82501
     -0.23617     66.10860      7.92328     57.24377      0.94155
     -0.23501     73.58167      8.88350     63.62876      1.06941
     -0.23384     81.01842      9.88168     69.93388      1.20286
     -0.23267     88.12303     10.86290     75.92444      1.33569
     -0.23150     94.55133     11.75680     81.33416      1.46037
     -0.23034    100.05251     12.50783     85.97413      1.57055
     -0.22917    104.33668     13.04992     89.62797      1.65880
     -0.22800    107.49621     13.39941     92.37117      1.72563
     -0.22683    109.34349     13.51648     94.06119      1.76583
     -0.22566    109.91396     13.41482     94.71991      1.77924
     -0.22450    109.29700     13.12616     94.40345      1.76739
     -0.22333    107.61693     12.69518     93.18868      1.73307
     -0.22216    105.01446     12.17271     91.16184      1.67991
     -0.22099    101.63201     11.60870     88.41141      1.61190
     -0.21983     97.60477     11.04609     85.02570      1.53297
     -0.21866     93.01341     10.50891     81.05842      1.44608
     -0.21749     88.07822     10.03344     76.68881      1.35596
     -0.21632     82.83232      9.61185     71.95642      1.26405
     -0.21516     77.37422      9.23718     66.96473      1.17231
     -0.21399     71.79148      8.89337     61.81600      1.08211
     -0.21282     66.15903      8.55896     56.60582      0.99426
     -0.21165     60.53774      8.21089     51.41776      0.90909
     -0.21049     54.91517      7.82646     46.26241      0.82631
     -0.20932     49.47222      7.39332     41.33244      0.74645
     -0.20815     44.17793      6.90057     36.60780      0.66956
     -0.20698     38.93547      6.33304     32.00961      0.59282
     -0.20582     34.02528      5.73156     27.77220      0.52152
     -0.20465     29.22843      5.06536     23.71217      0.45090
     -0.20348     24.98422      4.41493     20.18037      0.38893
     -0.20231     21.13199      3.76452     17.03499      0.33248
     -0.20114     17.80230      3.14031     14.37788      0.28411
     -0.19998     15.11380      2.56512     12.30249      0.24619
     -0.19881     13.21202      2.06220     10.92832      0.22150
     -0.19764     11.99896      1.62798     10.16158      0.20940
     -0.19647     12.01365      1.29667     10.49831      0.21867
     -0.19531     13.05867      1.05493     11.75669      0.24704
     -0.19414     15.20379      0.90225     14.00540      0.29614
     -0.19297     18.37124      0.82013     17.18580      0.36531
     -0.19180     22.78706      0.84022     21.48928      0.45756
     -0.19064     28.18806      0.93227     26.68697      0.56881
     -0.18947     34.41327      1.09131     32.62618      0.69577
     -0.18830     41.22294      1.31183     39.07767      0.83344
     -0.18713     48.30644      1.58765     45.74351      0.97528
     -0.18597     55.30005      1.91139     52.27501      1.11365
     -0.18480     61.74677      2.26015     58.24734      1.23929
     -0.18363     67.42802      2.65567     63.42549      1.34686
     -0.18246     71.89230      3.06070     67.40398      1.42762
     -0.18129     74.87737      3.45847     69.94250      1.47641
     -0.18013     76.28753      3.82987     70.96609      1.49157
     -0.17896     75.98420      4.15247     70.36056      1.47117
     -0.17779     74.07584      4.40532     68.25226      1.41825
     -0.17662     70.74382      4.56956     64.83675      1.33751
     -0.17546     66.26357      4.63117     60.39685      1.23555
     -0.17429     60.98275      4.58314     55.27936      1.12026
     -0.17312     55.29639      4.42679     49.86942      1.00018
     -0.17195     49.62106      4.17214     44.56499      0.88392
     -0.17079     44.36922      3.83707     39.75255      0.77960
     -0.16962     39.92395      3.44531     35.78428      0.69436
     -0.16845     36.65190      3.02485     32.99242      0.63463
     -0.16728     34.76683      2.60142     31.56163      0.60378
     -0.16612     34.44069      2.20000     31.63630      0.60439
     -0.16495     35.72178      1.84003     33.24523      0.63652
     -0.16378     38.55383      1.53465     36.32114      0.69804
     -0.16261     42.70303      1.29034     40.62842      0.78427
     -0.16144     47.88824      1.10759     45.89165      0.88900
     -0.16028     53.50065      0.97769     51.52303      0.99993
     -0.15911     59.60924      0.90378     57.58701      1.11845
     -0.15794     65.46076      0.86991     63.36205      1.22880
     -0.15677     70.73681      0.86762     68.54494      1.32425
     -0.15561     75.14432      0.88829     72.85801      1.39803
     -0.15444     78.78120      0.92853     76.40077      1.45189
     -0.15327     81.63685      0.98212     79.17039      1.48434
     -0.15210     83.86325      1.04623     81.31906      1.49796
     -0.15094     85.71486      1.10571     83.11086      1.49829
     -0.14977     87.67840      1.18592     84.99808      1.49440
     -0.14860     89.89540      1.26397     87.14040      1.49103
     -0.14743     92.59653      1.33616     89.76542      1.49496
     -0.14627     95.88195      1.39781     92.97314      1.51100
     -0.14510     99.76763      1.44414     96.78040      1.54309
     -0.14393    104.10594      1.47116    101.04332      1.59146
     -0.14276    108.74961      1.47664    105.61637      1.65661
     -0.14159    113.52237      1.46068    110.32406      1.73763
     -0.14043    118.27637      1.42604    115.01714      1.83319
     -0.13926    122.91968      1.37780    119.60005      1.94183
     -0.13809    127.44139      1.32265    124.05608      2.06267
     -0.13692    131.84398      1.26780    128.38256      2.19363
     -0.13576    136.22061      1.21978    132.66701      2.33382
     -0.13459    140.55544      1.18326    136.89189      2.48029
     -0.13342    144.84513      1.16036    141.05479      2.62998
     -0.13225    148.77394      1.14847    144.85123      2.77424
     -0.13109    152.68738      1.14855    148.62099      2.91784
     -0.12992    155.93356      1.15202    151.73517      3.04637
     -0.12875    158.21127      1.15240    153.90611      3.15276
     -0.12758    159.22405      1.14325    154.85063      3.23017
     -0.12642    158.74239      1.11922    154.35011      3.27307
     -0.12525    156.65873      1.07697    152.30361      3.27815
     -0.12408    153.02307      1.01556    148.76240      3.24511
     -0.12291    148.05030      0.93649    143.93694      3.17688
     -0.12174    142.10995      0.84335    138.18717      3.07943
     -0.12058    135.43792      0.73556    131.74477      2.95758
     -0.11941    128.95554      0.63241    125.49491      2.82822
     -0.11824    122.80937      0.53028    119.58423      2.69486
     -0.11707    117.26530      0.43423    114.26637      2.56470
     -0.11591    112.38172      0.34793    109.59191      2.44188
     -0.11474    108.30562      0.27354    105.70353      2.32855
     -0.11357    104.62117      0.21155    102.18855      2.22107
     -0.11240    101.26386      0.16209     98.98285      2.11892
     -0.11124     97.66987      0.12333     95.53435      2.01219
     -0.11007     93.74946      0.09407     91.75320      1.90218
     -0.10890     89.16512      0.07214     87.31203      1.78095
     -0.10773     83.84434      0.05580     82.14169      1.64684
     -0.10657     77.84560      0.04357     76.30153      1.50051
     -0.10540     71.16786      0.03405     69.79164      1.34218
     -0.10423     64.45056      0.02340     63.24476      1.18240
     -0.10306     57.67212      0.01922     56.63239      1.02051
     -0.10190     51.08705      0.01463     50.20962      0.86280
     -0.10073     45.22235      0.01168     44.48885      0.72181
     -0.09956     39.89536      0.00906     39.29248      0.59382
     -0.09839     35.16421      0.00682     34.67597      0.48142
     -0.09722     30.94685      0.00498     30.55808      0.38380
     -0.09606     27.31801      0.00353     27.00964      0.30484
     -0.09489     24.07778      0.00243     23.83507      0.24027
     -0.09372     21.13293      0.00163     20.94300      0.18830
     -0.09255     18.40836      0.00106     18.26043      0.14688
     -0.09139     15.85737      0.00067     15.74267      0.11404
     -0.09022     13.41464      0.00041     13.32765      0.08658
     -0.08905     11.20516      0.00024     11.13829      0.06664
     -0.08788      8.97958      0.00000      8.93149      0.04809
     -0.08672      7.23475      0.00000      7.19818      0.03657
     -0.08555      5.68256      0.00000      5.65531      0.02725
     -0.08438      4.28881      0.00000      4.27054      0.01827
     -0.08321      3.20914      0.00000      3.19586      0.01328
     -0.08205      2.33596      0.00000      2.32660      0.00937
     -0.08088      1.65423      0.00000      1.64782      0.00641
     -0.07971      1.13974      0.00000      1.13547      0.00427
     -0.07854      0.76403      0.00000      0.76128      0.00275
     -0.07737      0.49836      0.00000      0.49663      0.00173
     -0.07621      0.31630      0.00000      0.31525      0.00105
     -0.07504      0.19535      0.00000      0.19473      0.00062
     -0.07387      0.05889      0.00000      0.05889      0.00000
     -0.07270      0.03607      0.00000      0.03607      0.00000
     -0.07154      0.02145      0.00000      0.02145      0.00000
     -0.07037      0.00000      0.00000      0.00000      0.00000
     -0.06920      0.00000      0.00000      0.00000      0.00000
     -0.06803      0.00000      0.00000      0.00000      0.00000
     -0.06687      0.00000      0.00000      0.00000      0.00000
     -0.06570      0.00000      0.00000      0.00000      0.00000
     -0.06453      0.00000      0.00000      0.00000      0.00000
     -0.06336      0.00000      0.00000      0.00000      0.00000
     -0.06220      0.00000      0.00000      0.00000      0.00000
     -0.06103      0.00000      0.00000      0.00000      0.00000
     -0.05986      0.00000      0.00000      0.00000      0.00000
     -0.05869      0.00000      0.00000      0.00000      0.00000
     -0.05752      0.00000      0.00000      0.00000      0.00000
     -0.05636      0.00000      0.00000      0.00000      0.00000
     -0.05519      0.00000      0.00000      0.00000      0.00000
     -0.05402      0.00000      0.00000      0.00000      0.00000
     -0.05285      0.00000      0.00000      0.00000      0.00000
     -0.05169      0.00000      0.00000      0.00000      0.00000
     -0.05052      0.00000      0.00000      0.00000      0.00000
     -0.04935      0.00000      0.00000      0.00000      0.00000
     -0.04818      0.00000      0.00000      0.00000      0.00000
     -0.04702      0.00000      0.00000      0.00000      0.00000
     -0.04585      0.00000      0.00000      0.00000      0.00000
     -0.04468      0.00000      0.00000      0.00000      0.00000
     -0.04351      0.00000      0.00000      0.00000      0.00000
     -0.04235      0.00000      0.00000      0.00000      0.00000
     -0.04118      0.00000      0.00000      0.00000      0.00000
     -0.04001      0.00000      0.00000      0.00000      0.00000
     -0.03884      0.00000      0.00000      0.00000      0.00000
     -0.03767      0.00000      0.00000      0.00000      0.00000
     -0.03651      0.00000      0.00000      0.00000      0.00000
     -0.03534      0.00000      0.00000      0.00000      0.00000
     -0.03417      0.00000      0.00000      0.00000      0.00000
     -0.03300      0.00000      0.00000      0.00000      0.00000
     -0.03184      0.00000      0.00000      0.00000      0.00000
     -0.03067      0.00000      0.00000      0.00000      0.00000
     -0.02950      0.00000      0.00000      0.00000      0.00000
     -0.02833      0.00000      0.00000      0.00000      0.00000
     -0.02717      0.00000      0.00000      0.00000      0.00000
     -0.02600      0.00000      0.00000      0.00000      0.00000
     -0.02483      0.00000      0.00000      0.00000      0.00000
     -0.02366      0.00000      0.00000      0.00000      0.00000
     -0.02250      0.00000      0.00000      0.00000      0.00000
     -0.02133      0.00000      0.00000      0.00000      0.00000
     -0.02016      0.00000      0.00000      0.00000      0.00000
     -0.01899      0.00000      0.00000      0.00000      0.00000
     -0.01783      0.00000      0.00000      0.00000      0.00000
     -0.01666      0.00000      0.00000      0.00000      0.00000
     -0.01549      0.00000      0.00000      0.00000      0.00000
     -0.01432      0.00000      0.00000      0.00000      0.00000
     -0.01315      0.00000      0.00000      0.00000      0.00000
     -0.01199      0.00000      0.00000      0.00000      0.00000
     -0.01082      0.00000      0.00000      0.00000      0.00000
     -0.00965      0.00000      0.00000      0.00000      0.00000
     -0.00848      0.00000      0.00000      0.00000      0.00000
     -0.00732      0.00000      0.00000      0.00000      0.00000
     -0.00615      0.00000      0.00000      0.00000      0.00000
     -0.00498      0.00000      0.00000      0.00000      0.00000
     -0.00381      0.00000      0.00000      0.00000      0.00000
     -0.00265      0.00000      0.00000      0.00000      0.00000
     -0.00148      0.00000      0.00000      0.00000      0.00000
     -0.00031      0.00000      0.00000      0.00000      0.00000
      0.00086      0.00000      0.00000      0.00000      0.00000
      0.00202      0.00000      0.00000      0.00000      0.00000
      0.00319      0.00000      0.00000      0.00000      0.00000
      0.00436      0.00000      0.00000      0.00000      0.00000
      0.00553      0.00000      0.00000      0.00000      0.00000
      0.00670      0.00000      0.00000      0.00000      0.00000
      0.00786      0.00000      0.00000      0.00000      0.00000
      0.00903      0.00000      0.00000      0.00000      0.00000
      0.01020      0.00000      0.00000      0.00000      0.00000
      0.01137      0.00000      0.00000      0.00000      0.00000
      0.01253      0.00000      0.00000      0.00000      0.00000
      0.01370      0.00000      0.00000      0.00000      0.00000
      0.01487      0.00000      0.00000      0.00000      0.00000
      0.01604      0.00000      0.00000      0.00000      0.00000
      0.01720      0.00000      0.00000      0.00000      0.00000
      0.01837      0.00000      0.00000      0.00000      0.00000
      0.01954      0.00000      0.00000      0.00000      0.00000
      0.02071      0.00000      0.00000      0.00000      0.00000
      0.02187      0.00000      0.00000      0.00000      0.00000
      0.02304      0.00000      0.00000      0.00000      0.00000
      0.02421      0.00000      0.00000      0.00000      0.00000
      0.02538      0.00000      0.00000      0.00000      0.00000
      0.02655      0.00000      0.00000      0.00000      0.00000
      0.02771      0.00000      0.00000      0.00000      0.00000
      0.02888      0.00000      0.00000      0.00000      0.00000
      0.03005      0.00000      0.00000      0.00000      0.00000
      0.03122      0.00000      0.00000      0.00000      0.00000
      0.03238      0.00000      0.00000      0.00000      0.00000
      0.03355      0.00000      0.00000      0.00000      0.00000
      0.03472      0.00000      0.00000      0.00000      0.00000
      0.03589      0.00000      0.00000      0.00000      0.00000
      0.03705      0.00000      0.00000      0.00000      0.00000
      0.03822      0.00000      0.00000      0.00000      0.00000
      0.03939      0.00000      0.00000      0.00000      0.00000
      0.04056      0.00000      0.00000      0.00000      0.00000
      0.04172      0.00000      0.00000      0.00000      0.00000
      0.04289      0.00000      0.00000      0.00000      0.00000
      0.04406      0.00000      0.00000      0.00000      0.00000
      0.04523      0.00000      0.00000      0.00000      0.00000
      0.04640      0.00000      0.00000      0.00000      0.00000
      0.04756      0.00000      0.00000      0.00000      0.00000
      0.04873      0.00000      0.00000      0.00000      0.00000
      0.04990      0.00000      0.00000      0.00000      0.00000
      0.05107      0.00000      0.00000      0.00000      0.00000
      0.05223      0.00000      0.00000      0.00000      0.00000
      0.05340      0.00000      0.00000      0.00000      0.00000
      0.05457      0.00000      0.00000      0.00000      0.00000
      0.05574      0.00000      0.00000      0.00000      0.00000
      0.05690      0.00000      0.00000      0.00000      0.00000
      0.05807      0.00000      0.00000      0.00000      0.00000
      0.05924      0.00000      0.00000      0.00000      0.00000
      0.06041      0.00000      0.00000      0.00000      0.00000
      0.06157      0.00000      0.00000      0.00000      0.00000
      0.06274      0.00000      0.00000      0.00000      0.00000
      0.06391      0.00000      0.00000      0.00000      0.00000
      0.06508      0.00000      0.00000      0.00000      0.00000
      0.06625      0.00000      0.00000      0.00000      0.00000
      0.06741      0.00090      0.00090      0.00000     -0.00000
      0.06858      0.00168      0.00168      0.00000     -0.00000
      0.06975      0.00304      0.00304      0.00000     -0.00000
      0.07092      0.00536      0.00536      0.00000     -0.00000
      0.07208      0.00915      0.00915      0.00000     -0.00000
      0.07325      0.01518      0.01518      0.00000     -0.00000
      0.07442      0.02445      0.02445      0.00000     -0.00000
      0.07559      0.03823      0.03823      0.00000     -0.00000
      0.07675      0.05803      0.05803      0.00000     -0.00000
      0.07792      0.08553      0.08553      0.00000     -0.00000
      0.07909      0.12239      0.12239      0.00000     -0.00000
      0.08026      0.17004      0.17004      0.00000     -0.00000
      0.08142      0.22937      0.22937      0.00000     -0.00000
      0.08259      0.30040      0.30040      0.00000     -0.00000
      0.08376      0.38197      0.38197      0.00000     -0.00000
      0.08493      0.47156      0.47156      0.00000     -0.00000
      0.08609      0.56522      0.56522      0.00000     -0.00000
      0.08726      0.65777      0.65777      0.00000     -0.00000
      0.08843      0.74320      0.74320      0.00000     -0.00000
      0.08960      0.81529      0.81529      0.00000     -0.00000
      0.09077      0.86835      0.86835      0.00000     -0.00000
      0.09193      0.89795      0.89795      0.00000     -0.00000
      0.09310      0.90153      0.90153      0.00000     -0.00000
      0.09427      0.87879      0.87879      0.00000     -0.00000
      0.09544      0.83169      0.83169      0.00000     -0.00000
      0.09660      0.76421      0.76421      0.00000     -0.00000
      0.09777      0.68178      0.68178      0.00000     -0.00000
      0.09894      0.59053      0.59053      0.00000     -0.00000
      0.10011      0.50637      0.50514      0.00122      0.00002
      0.10127      0.42344      0.42116      0.00224      0.00003
      0.10244      0.35352      0.34946      0.00400      0.00006
      0.10361      0.30306      0.29601      0.00694      0.00011
      0.10478      0.27862      0.26675      0.01169      0.00018
      0.10594      0.28744      0.26803      0.01911      0.00030
      0.10711      0.33789      0.30708      0.03035      0.00047
      0.10828      0.43983      0.39233      0.04678      0.00072
      0.10945      0.60447      0.53337      0.07001      0.00108
      0.11062      0.84366      0.74035      0.10174      0.00158
      0.11178      1.16853      1.02277      0.14353      0.00222
      0.11295      1.58739      1.38774      0.19660      0.00305
      0.11412      2.10325      1.83775      0.26145      0.00405
      0.11529      2.70766      2.36485      0.33758      0.00523
      0.11645      3.39435      2.96460      0.42319      0.00655
      0.11762      4.13136      3.60830      0.51508      0.00798
      0.11879      4.88207      4.26396      0.60868      0.00943
      0.11996      5.60130      4.89213      0.69835      0.01082
      0.12112      6.23948      5.44952      0.77791      0.01205
      0.12229      6.74811      5.89375      0.84133      0.01303
      0.12346      7.08583      6.18871      0.88343      0.01368
      0.12463      7.22392      6.30932      0.90065      0.01395
      0.12579      7.15040      6.24511      0.89148      0.01381
      0.12696      6.87166      6.00166      0.85673      0.01327
      0.12813      6.41162      5.59986      0.79937      0.01238
      0.12930      5.80829      5.07292      0.72415      0.01122
      0.13047      5.10861      4.46183      0.63692      0.00987
      0.13163      4.36247      3.81015      0.54389      0.00842
      0.13280      3.61689      3.15897      0.45094      0.00698
      0.13397      2.91148      2.54286      0.36299      0.00562
      0.13514      2.27544      1.98736      0.28369      0.00439
      0.13630      1.72660      1.50800      0.21527      0.00333
      0.13747      1.27202      1.11097      0.15859      0.00246
      0.13864      0.90985      0.79466      0.11344      0.00176
      0.13981      0.63186      0.55186      0.07878      0.00122
      0.14097      0.42603      0.37209      0.05312      0.00082
      0.14214      0.27890      0.24359      0.03477      0.00054
      0.14331      0.17726      0.15482      0.02210      0.00034
      0.14448      0.10939      0.09554      0.01364      0.00021
      0.14564      0.06554      0.05724      0.00817      0.00013
      0.14681      0.03812      0.03330      0.00475      0.00007
      0.14798      0.00000      0.00000      0.00000      0.00000
      0.14915      0.00000      0.00000      0.00000      0.00000
      0.15032      0.00000      0.00000      0.00000      0.00000
      0.15148      0.00000      0.00000      0.00000      0.00000
      0.15265      0.00000      0.00000      0.00000      0.00000
      0.15382      0.00000      0.00000      0.00000      0.00000
      0.15499      0.00000      0.00000      0.00000      0.00000
      0.15615      0.00000      0.00000      0.00000      0.00000
      0.15732      0.00000      0.00000      0.00000      0.00000
      0.15849      0.03176      0.02374      0.00768      0.00034
      0.15966      0.05822      0.04352      0.01407      0.00063
      0.16082      0.10363      0.07746      0.02505      0.00112
      0.16199      0.17907      0.13385      0.04329      0.00193
      0.16316      0.30045      0.22457      0.07263      0.00325
      0.16433      0.48943      0.36582      0.11832      0.00529
      0.16549      0.77406      0.57858      0.18712      0.00836
      0.16666      1.18861      0.88843      0.28734      0.01284
      0.16783      1.77206      1.32453      0.42838      0.01915
      0.16900      2.56502      1.91723      0.62007      0.02771
      0.17016      3.60477      2.69440      0.87143      0.03895
      0.17133      4.91857      3.67640      1.18903      0.05314
      0.17250      6.51590      4.87033      1.57517      0.07040
      0.17367      8.38077      6.26424      2.02599      0.09055
      0.17484     10.46570      7.82263      2.53000      0.11307
      0.17600     12.68900      9.48443      3.06747      0.13709
      0.17717     14.93690     11.16464      3.61088      0.16138
      0.17834     17.07136     12.76004      4.12687      0.18444
      0.17951     18.94305     14.15905      4.57934      0.20466
      0.18067     20.40828     15.25424      4.93355      0.22049
      0.18184     21.34702     15.95590      5.16048      0.23064
      0.18301     21.67916     16.20416      5.24077      0.23422
      0.18418     21.37578     15.97740      5.16743      0.23095
      0.18534     20.46331     15.29538      4.94685      0.22109
      0.18651     19.01973     14.21636      4.59788      0.20549
      0.18768     17.16355     12.82896      4.14916      0.18544
      0.18885     15.03780     11.24006      3.63528      0.16247
      0.19001     12.79193      9.56137      3.09235      0.13821
      0.19118     10.56482      7.89671      2.55397      0.11414
      0.19235      8.47154      6.33208      2.04793      0.09153
      0.19352      6.62516      4.94790      1.60532      0.07194
      0.19469      5.04007      3.75969      1.22528      0.05511
      0.19585      3.75644      2.79431      0.92037      0.04176
      0.19702      2.77645      2.05196      0.69246      0.03203
      0.19819      2.08883      1.52208      0.54076      0.02599
      0.19936      1.67767      1.18989      0.46406      0.02371
      0.20052      1.52977      1.04177      0.46261      0.02539
      0.20169      1.64641      1.07160      0.54308      0.03173
      0.20286      2.02409      1.27421      0.70704      0.04283
      0.20403      2.68040      1.65525      0.96555      0.05960
      0.20519      3.63408      2.22250      1.32876      0.08282
      0.20636      4.84191      2.93823      1.79114      0.11254
      0.20753      6.45684      3.91307      2.39295      0.15082
      0.20870      8.36728      5.06256      3.10809      0.19663
      0.20986     10.53910      6.36364      3.92593      0.24953
      0.21103     12.90600      7.77317      4.82443      0.30839
      0.21220     15.37052      9.22872      5.77038      0.37142
      0.21337     17.80995     10.65239      6.72130      0.43626
      0.21454     20.08712     11.95788      7.62908      0.50016
      0.21570     22.06459     13.05961      8.44474      0.56024
      0.21687     23.62012     13.88278      9.12359      0.61374
      0.21804     24.66075     14.37253      9.62992      0.65829
      0.21921     25.13300     14.50052      9.94042      0.69205
      0.22037     25.02727     14.26775     10.04570      0.71381
      0.22154     24.37611     13.70321      9.94989      0.72302
      0.22271     23.24700     12.85877      9.66858      0.71965
      0.22388     21.73144     11.80148      9.22577      0.70419
      0.22504     19.93280     10.60480      8.65050      0.67750
      0.22621     17.95503      9.34041      7.97386      0.64075
      0.22738     15.89397      8.07176      7.22679      0.59543
      0.22855     13.83192      6.85002      6.43865      0.54325
      0.22971     11.83531      5.71259      5.63654      0.48618
      0.23088      9.95477      4.68352      4.84488      0.42637
      0.23205      8.24993      3.79255      4.09073      0.36664
      0.23322      6.71788      3.02359      3.38590      0.30839
      0.23439      5.38994      2.38689      2.74903      0.25402
      0.23555      4.27919      1.88160      2.19230      0.20528
      0.23672      3.39508      1.50716      1.72430      0.16362
      0.23789      2.74578      1.26538      1.35031      0.13009
      0.23906      2.34035      1.16192      1.07299      0.10544
      0.24022      2.19060      1.20721      0.89322      0.09017
      0.24139      2.24849      1.37762      0.78766      0.08321
      0.24256      2.68818      1.78671      0.81310      0.08838
      0.24373      3.42391      2.38999      0.93045      0.10348
      0.24489      4.47522      3.20653      1.14001      0.12868
      0.24606      5.84853      4.24552      1.43922      0.16379
      0.24723      7.53024      5.50075      1.82133      0.20815
      0.24840      9.47992      6.94565      2.27388      0.26040
      0.24956     11.62772      8.52222      2.78580      0.31970
      0.25073     13.90627     10.17977      3.34281      0.38369
      0.25190     16.15996     11.80742      3.90430      0.44825
      0.25307     18.25420     13.29947      4.44429      0.51044
      0.25424     20.05952     14.55176      4.93990      0.56786
      0.25540     21.46012     15.46514      5.37630      0.61868
      0.25657     22.38535     15.97105      5.75142      0.66287
      0.25774     22.81592     16.03460      6.07911      0.70222
      0.25891     22.79212     15.66189      6.38980      0.74043
      0.26007     22.46371     14.92571      6.75262      0.78537
      0.26124     21.91087     13.87779      7.19249      0.84059
      0.26241     21.33887     12.64321      7.78127      0.91439
      0.26358     20.93004     11.34642      8.57074      1.01288
      0.26474     20.84783     10.11147      9.59618      1.14018
      0.26591     21.21699      9.05059     10.86895      1.29746
      0.26708     22.11101      8.25593     12.37261      1.48247
      0.26825     23.54845      7.79537     14.06351      1.68957
      0.26941     25.52602      7.73631     15.87793      1.91178
      0.27058     27.94159      8.06957     17.73496      2.13707
      0.27175     30.72330      8.81229     19.55515      2.35586
      0.27292     33.77784      9.95265     21.26633      2.55886
      0.27408     37.01553     11.46449     22.81216      2.73888
      0.27525     40.35425     13.30764     24.15507      2.89154
      0.27642     43.71683     15.42733     25.27431      3.01519
      0.27759     47.02408     17.75378     26.15984      3.11046
      0.27876     50.18661     20.20296     26.80432      3.17933
      0.27992     53.02020     22.62121     27.17703      3.22196
      0.28109     55.59940     25.04989     27.30395      3.24556
      0.28226     57.66694     27.29316     27.12625      3.24753
      0.28343     59.10703     29.26360     26.61543      3.22801
      0.28459     59.82275     30.88708     25.74927      3.18641
      0.28576     59.75102     32.10748     24.52164      3.12190
      0.28693     58.87225     32.88814     22.95015      3.03396
      0.28810     57.21267     33.21035     21.07958      2.92274
      0.28926     54.83924     33.07014     18.97991      2.78919
      0.29043     51.84937     32.47477     16.73953      2.63507
      0.29160     48.35834     31.44050     14.45507      2.46277
      0.29277     44.48792     29.99243     12.22031      2.27518
      0.29393     40.35809     28.16625     10.11626      2.07559
      0.29510     36.08275     26.01081      8.20430      1.86764
      0.29627     31.76852     23.59010      6.52302      1.65540
      0.29744     27.45559     20.97570      5.04217      1.43772
      0.29861     23.38227     18.27622      3.87323      1.23282
      0.29977     19.53449     15.57581      2.92249      1.03620
      0.30094     15.98947     12.96886      2.16798      0.85263
      0.30211     12.79798     10.53025      1.58224      0.68548
      0.30328     10.02101      8.34576      1.13646      0.53880
      0.30444      7.67948      6.44634      0.81728      0.41586
      0.30561      5.74746      4.84872      0.58484      0.31390
      0.30678      4.21552      3.55175      0.42971      0.23407
      0.30795      2.91015      2.46591      0.27526      0.16898
      0.30911      2.14239      1.73011      0.27817      0.13411
      0.31028      1.64322      1.19253      0.33251      0.11818
      0.31145      1.39509      0.82053      0.45237      0.12219
      0.31262      1.38750      0.58280      0.65661      0.14809
      0.31378      1.62011      0.45236      0.96885      0.19890
      0.31495      2.10284      0.40799      1.41629      0.27856
      0.31612      2.85293      0.43421      2.02721      0.39151
      0.31729      3.82193      0.46130      2.82242      0.53820
      0.31846      5.22963      0.65760      3.83902      0.73302
      0.31962      6.91444      0.88385      5.06328      0.96730
      0.32079      8.88842      1.16221      6.48613      1.24009
      0.32196     11.11523      1.49899      8.07139      1.54485
      0.32313     13.53251      1.90242      9.75929      1.87079
      0.32429     16.05714      2.38467     11.46916      2.20331
      0.32546     18.59589      2.96418     13.10627      2.52544
      0.32663     21.05992      3.66791     14.57223      2.81978
      0.32780     23.38096      4.53251     15.77753      3.07092
      0.32896     25.52519      5.60353     16.65401      3.26765
      0.33013     27.50128      6.93166     17.16486      3.40477
      0.33130     29.35918      8.56563     17.30978      3.48377
      0.33247     31.17853     10.54194     17.12420      3.51239
      0.33363     33.04767     12.87248     16.67227      3.50292
      0.33480     35.03696     15.53237     16.03501      3.46958
      0.33597     37.17208     18.45044     15.29604      3.42560
      0.33714     39.41385     21.50553     14.52775      3.38057
      0.33831     41.64999     24.53063     13.78083      3.33853
      0.33947     43.70238     27.32587     13.07898      3.29753
      0.34064     45.34938     29.67943     12.41963      3.25032
      0.34181     46.35972     31.39348     11.77990      3.18634
      0.34298     46.53135     32.31091     11.12610      3.09434
      0.34414     45.72718     32.33791     10.42425      2.96503
      0.34531     43.90070     31.45803      9.64941      2.79325
      0.34648     41.10608     29.73500      8.79185      2.57923
      0.34765     37.49149     27.30367      7.85914      2.32867
      0.34881     33.27748     24.35119      6.87445      2.05185
      0.34998     28.72556     21.09185      5.87180      1.76191
      0.35115     24.10335     17.74065      4.88983      1.47287
      0.35232     19.55691     14.47810      3.89461      1.18421
      0.35348     15.51348     11.48472      3.08939      0.93937
      0.35465     11.95059      8.84512      2.37934      0.72613
      0.35582      8.93906      6.61396      1.77915      0.54595
      0.35699      6.51778      4.81846      1.29636      0.40297
      0.35815      4.62994      3.41578      0.91920      0.29496
      0.35932      3.23228      2.37271      0.63890      0.22067
      0.36049      2.25803      1.63816      0.44179      0.17808
      0.36166      1.64229      1.16184      0.31446      0.16599
      0.36283      1.36159      0.92226      0.25237      0.18696
      0.36399      1.34586      0.86566      0.24000      0.24019
      0.36516      1.60192      0.99239      0.27854      0.33099
      0.36633      1.96985      1.17982      0.33571      0.45431
      0.36750      2.92390      1.76035      0.50534      0.65822
      0.36866      4.20293      2.55440      0.73628      0.91226
      0.36983      5.92825      3.61160      1.07041      1.24623
      0.37100      8.10836      4.96406      1.49143      1.65287
      0.37217     10.81990      6.64208      2.03018      2.14764
      0.37333     14.09697      8.65423      2.70304      2.73970
      0.37450     17.94827     10.98375      3.52480      3.43972
      0.37567     22.35376     13.58375      4.50845      4.26156
      0.37684     27.26480     16.37565      5.66536      5.22379
      0.37800     32.60756     19.25136      7.00570      6.35049
      0.37917     38.28903     22.07989      8.53873      7.67041
      0.38034     44.20380     24.71765     10.27232      9.21383
      0.38151     50.23947     27.02156     12.21116     11.00676
      0.38268     56.27886     28.86295     14.35316     13.06274
      0.38384     62.19802     30.14049     16.68419     15.37334
      0.38501     67.86064     30.78996     19.17166     17.89902
      0.38618     73.11089     30.78964     21.75838     20.56287
      0.38735     77.76824     30.16065     24.35840     23.24919
      0.38851     81.63656     28.96593     26.86048     25.81015
      0.38968     84.53888     27.30524     29.14796     28.08568
      0.39085     86.20383     25.27235     31.04236     29.88911
      0.39202     86.48847     22.99596     32.41736     31.07515
      0.39318     85.28975     20.59695     33.15915     31.53364
      0.39435     82.60251     18.18906     33.19976     31.21370
      0.39552     78.54061     15.87430     32.53251     30.13381
      0.39669     73.34331     13.74100     31.22000     28.38232
      0.39785     67.36396     11.86350     29.39241     26.10805
      0.39902     61.04094     10.30263     27.23577     23.50254
      0.40019     54.85441      9.10588     24.97147     20.77706
      0.40136     49.27459      8.30645     22.83005     18.13809
      0.40253     44.72855      7.92229     21.03029     15.77598
      0.40369     41.50548      7.94921     19.73019     13.82608
      0.40486     39.68350      8.30174     19.01938     12.36239
      0.40603     39.46630      9.07630     18.96532     11.42468
      0.40720     40.56802     10.09702     19.48791     10.98309
      0.40836     42.70717     11.26811     20.46557     10.97349
      0.40953     45.53922     12.47617     21.75139     11.31166
      0.41070     48.52701     13.55366     23.09362     11.87973
      0.41187     51.42920     14.49250     24.34159     12.59511
      0.41303     53.78717     15.12020     25.29946     13.36751
      0.41420     55.35975     15.37056     25.84821     14.14099
      0.41537     55.94944     15.21212     25.92125     14.81607
      0.41654     55.80763     14.65791     25.58084     15.56888
      0.41770     54.80391     13.73192     24.81922     16.25277
      0.41887     53.58034     12.56076     24.00393     17.01564
      0.42004     52.18803     11.20525     23.17765     17.80513
      0.42121     50.95231      9.76698     22.55078     18.63455
      0.42238     50.18030      8.34145     22.33900     19.49985
      0.42354     50.05913      7.00823     22.68289     20.36802
      0.42471     50.68100      5.82037     23.68200     21.17864
      0.42588     52.07352      4.81241     25.38732     21.87379
      0.42705     54.15745      3.99573     27.77040     22.39132
      0.42821     56.79301      3.36448     30.74814     22.68039
      0.42938     59.79803      2.90117     34.18664     22.71022
      0.43055     62.97678      2.58234     37.91900     22.47543
      0.43172     66.14469      2.38338     41.76419     21.99712
      0.43288     69.14784      2.28196     45.54575     21.32013
      0.43405     71.87478      2.25990     49.10771     20.50717
      0.43522     74.25935      2.30356     52.32505     19.63074
      0.43639     76.33378      2.40204     55.15250     18.77925
      0.43755     77.91615      2.52197     57.42137     17.97282
      0.43872     79.38003      2.74301     59.28952     17.34750
      0.43989     80.51352      2.99472     60.63599     16.88281
      0.44106     81.33063      3.27280     61.46714     16.59069
      0.44223     81.82061      3.56981     61.79149     16.45931
      0.44339     81.95640      3.87638     61.62247     16.45755
      0.44456     81.71205      4.18309     60.98639     16.54257
      0.44573     81.08476      4.48255     59.93305     16.66915
      0.44690     80.11509      4.77129     58.54482     16.79898
      0.44806     78.89851      5.05071     56.93974     16.90806
      0.44923     77.58248      5.32688     55.26547     16.99012
      0.45040     76.28461      5.60642     53.66808     17.01012
      0.45157     75.33674      5.90382     52.33375     17.09917
      0.45273     74.77192      6.22021     51.34766     17.20405
      0.45390     74.67189      6.55392     50.76190     17.35607
      0.45507     74.95611      6.89218     50.53121     17.53272
      0.45624     75.46994      7.21306     50.53825     17.71863
      0.45740     75.75314      7.48171     50.44199     17.82944
      0.45857     75.95936      7.67394     50.37618     17.90925
      0.45974     75.44818      7.74923     49.86264     17.83631
      0.46091     73.96961      7.68162     48.71615     17.57184
      0.46207     71.37968      7.45718     46.82076     17.10174
      0.46324     67.67446      7.07713     44.15288     16.44445
      0.46441     62.99769      6.55834     40.78702     15.65234
      0.46558     57.54152      5.92957     36.80990     14.80206
      0.46675     51.85839      5.23431     32.62388     14.00021
      0.46791     46.20589      4.51327     28.35468     13.33794
      0.46908     40.95002      3.80801     24.24504     12.89697
      0.47025     36.31315      3.15097     20.44734     12.71484
      0.47142     32.54821      2.56391     17.17741     12.80689
      0.47258     29.80315      2.08041     14.53502     13.18771
      0.47375     27.85270      1.68732     12.43123     13.73415
      0.47492     26.57866      1.38067     10.84994     14.34805
      0.47609     25.75509      1.14951      9.69208     14.91351
      0.47725     25.15524      0.97961      8.85835     15.31727
      0.47842     24.57526      0.85628      8.25304     15.46594
      0.47959     23.86541      0.76650      7.79940     15.29951
      0.48076     22.94899      0.70033      7.44929     14.79937
      0.48192     21.82722      0.65148      7.18628     13.98945
      0.48309     20.57089      0.61713      7.02284     12.93092
      0.48426     19.09758      0.57520      6.85859     11.66379
      0.48543     18.05181      0.58133      7.06525     10.40523
      0.48660     17.24021      0.60146      7.46339      9.17536
      0.48776     16.78982      0.63882      8.08943      8.06157
      0.48893     16.77057      0.69436      8.95070      7.12552
      0.49010     17.18545      0.76637     10.02047      6.39861
      0.49127     17.97006      0.85046     11.23757      5.88203
      0.49243     19.02882      0.94259     12.52814      5.55808
      0.49360     20.16673      1.03134     13.76121      5.37418
      0.49477     21.22281      1.10988     14.83164      5.28129
      0.49594     22.03841      1.17094     15.63689      5.23059
      0.49710     22.47691      1.20924     16.09707      5.17060
      0.49827     22.46802      1.22273     16.17269      5.07260
      0.49944     22.00514      1.21302     15.86879      4.92333
      0.50061     21.15031      1.18551     15.23639      4.72841
      0.50177     19.94656      1.14677     14.34354      4.45625
      0.50294     18.75462      1.11269     13.36606      4.27587
      0.50411     17.63168      1.09163     12.39813      4.14192
      0.50528     16.76659      1.09466     11.56855      4.10339
      0.50645     16.31683      1.13037     10.98403      4.20243
      0.50761     16.38849      1.20349     10.71596      4.46903
      0.50878     17.02246      1.31391     10.79186      4.91669
      0.50995     18.18839      1.45630     11.19250      5.53958
      0.51112     19.78707      1.62038     11.85496      6.31173
      0.51228     21.66122      1.79192     12.68111      7.18819
      0.51345     23.61322      1.95431     13.55039      8.10852
      0.51462     25.42800      2.09055     14.33524      9.00221
      0.51579     26.89812      2.18542     14.91714      9.79556
      0.51695     27.84784      2.22736     15.20100     10.41948
      0.51812     28.16472      2.20998     15.13504     10.81969
      0.51929     27.77541      2.13272     14.68822     10.95446
      0.52046     26.61495      1.99627     13.82666     10.79202
      0.52162     24.97960      1.82271     12.76570     10.39118
      0.52279     22.91151      1.61866     11.53698      9.75587
      0.52396     20.52378      1.39771     10.18924      8.93683
      0.52513     18.05880      1.17650      8.87901      8.00329
      0.52630     15.73980      0.96919      7.73607      7.03455
      0.52746     13.78708      0.78770      6.88918      6.11019
      0.52863     12.41328      0.64151      6.46491      5.30686
      0.52980     11.82039      0.53781      6.58811      4.69446
      0.53097     12.19800      0.48207      7.38231      4.33362
      0.53213     13.72005      0.47850      8.96762      4.27393
      0.53330     16.53706      0.53048     11.45425      4.55233
      0.53447     20.76190      0.64049     14.93040      5.19102
      0.53564     26.44886      0.80969     19.44462      6.19455
      0.53680     33.62062      1.03792     25.02951      7.55319
      0.53797     42.09213      1.31991     31.54039      9.23182
      0.53914     51.61511      1.64770     38.81698     11.15043
      0.54031     61.74422      2.00114     46.53535     13.20773
      0.54147     72.15021      2.37900     54.43263     15.33858
      0.54264     82.14162      2.74789     62.00481     17.38891
      0.54381     91.12102      3.08388     68.82244     19.21470
      0.54498     98.58788      3.36424     74.45668     20.76696
      0.54614    104.10378      3.56817     78.60173     21.93388
      0.54731    107.41534      3.68127     81.05719     22.67688
      0.54848    108.52898      3.69703     81.81759     23.01435
      0.54965    107.69320      3.61778     81.05549     23.01992
      0.55082    105.31069      3.45421     79.07151     22.78497
      0.55198    101.95999      3.22371     76.29335     22.44293
      0.55315     98.26106      2.94773     73.18725     22.12609
      0.55432     94.79563      2.64869     70.19692     21.95002
      0.55549     92.02743      2.34715     67.68423     21.99605
      0.55665     90.24713      2.05948     65.88751     22.30014
      0.55782     89.54998      1.79667     64.90310     22.85021
      0.55899     89.84691      1.56408     64.69098     23.59185
      0.56016     90.90287      1.36219     65.09981     24.44086
      0.56132     92.39147      1.18798     65.90400     25.29949
      0.56249     93.95321      1.03649     66.84408     26.07264
      0.56366     95.24602      0.90241     67.66268     26.68094
      0.56483     95.98074      0.78113     68.13145     27.06816
      0.56599     95.87170      0.66949     68.01536     27.18685
