#     PDOS  shell 6 (d) of atom 5 o  (Mulliken)
#     E - Ef       total
# Ef =         0.3840051700
     -0.83401      0.00000
     -0.83284      0.00000
     -0.83167      0.00000
     -0.83050      0.00000
     -0.82933      0.00000
     -0.82817      0.00000
     -0.82700      0.00000
     -0.82583      0.00000
     -0.82466      0.00000
     -0.82350      0.00000
     -0.82233      0.00000
     -0.82116      0.00000
     -0.81999      0.00000
     -0.81883      0.00000
     -0.81766      0.00000
     -0.81649      0.00000
     -0.81532      0.00000
     -0.81416      0.00000
     -0.81299      0.00000
     -0.81182      0.00000
     -0.81065      0.00000
     -0.80948      0.00000
     -0.80832      0.00000
     -0.80715      0.00000
     -0.80598      0.00000
     -0.80481      0.00000
     -0.80365      0.00000
     -0.80248      0.00000
     -0.80131      0.00000
     -0.80014      0.00000
     -0.79898      0.00000
     -0.79781      0.00000
     -0.79664      0.00000
     -0.79547      0.00000
     -0.79431      0.00000
     -0.79314      0.00000
     -0.79197      0.00000
     -0.79080      0.00000
     -0.78963      0.00000
     -0.78847      0.00000
     -0.78730      0.00000
     -0.78613      0.00000
     -0.78496      0.00000
     -0.78380      0.00000
     -0.78263      0.00000
     -0.78146      0.00000
     -0.78029      0.00000
     -0.77913      0.00000
     -0.77796      0.00000
     -0.77679      0.00000
     -0.77562      0.00000
     -0.77446      0.00000
     -0.77329      0.00000
     -0.77212      0.00000
     -0.77095      0.00000
     -0.76978      0.00000
     -0.76862      0.00000
     -0.76745      0.00000
     -0.76628      0.00000
     -0.76511      0.00000
     -0.76395      0.00000
     -0.76278      0.00000
     -0.76161      0.00000
     -0.76044      0.00000
     -0.75928      0.00000
     -0.75811      0.00000
     -0.75694      0.00000
     -0.75577      0.00000
     -0.75461      0.00000
     -0.75344      0.00000
     -0.75227      0.00000
     -0.75110      0.00000
     -0.74994      0.00000
     -0.74877      0.00000
     -0.74760      0.00000
     -0.74643      0.00000
     -0.74526      0.00000
     -0.74410      0.00000
     -0.74293      0.00000
     -0.74176      0.00000
     -0.74059      0.00000
     -0.73943      0.00000
     -0.73826     -0.00000
     -0.73709     -0.00000
     -0.73592     -0.00000
     -0.73476     -0.00000
     -0.73359     -0.00000
     -0.73242     -0.00000
     -0.73125      0.00000
     -0.73009      0.00000
     -0.72892      0.00000
     -0.72775      0.00000
     -0.72658      0.00000
     -0.72541      0.00000
     -0.72425      0.00000
     -0.72308      0.00000
     -0.72191      0.00000
     -0.72074      0.00000
     -0.71958      0.00000
     -0.71841      0.00000
     -0.71724      0.00000
     -0.71607      0.00000
     -0.71491      0.00000
     -0.71374      0.00001
     -0.71257      0.00001
     -0.71140      0.00001
     -0.71024      0.00001
     -0.70907      0.00001
     -0.70790      0.00002
     -0.70673      0.00002
     -0.70556      0.00003
     -0.70440      0.00003
     -0.70323      0.00004
     -0.70206      0.00006
     -0.70089      0.00007
     -0.69973      0.00009
     -0.69856      0.00011
     -0.69739      0.00013
     -0.69622      0.00015
     -0.69506      0.00018
     -0.69389      0.00020
     -0.69272      0.00023
     -0.69155      0.00026
     -0.69039      0.00030
     -0.68922      0.00033
     -0.68805      0.00038
     -0.68688      0.00043
     -0.68571      0.00049
     -0.68455      0.00055
     -0.68338      0.00062
     -0.68221      0.00070
     -0.68104      0.00080
     -0.67988      0.00090
     -0.67871      0.00101
     -0.67754      0.00114
     -0.67637      0.00128
     -0.67521      0.00144
     -0.67404      0.00163
     -0.67287      0.00184
     -0.67170      0.00207
     -0.67054      0.00232
     -0.66937      0.00259
     -0.66820      0.00287
     -0.66703      0.00316
     -0.66587      0.00343
     -0.66470      0.00369
     -0.66353      0.00391
     -0.66236      0.00410
     -0.66119      0.00423
     -0.66003      0.00429
     -0.65886      0.00430
     -0.65769      0.00423
     -0.65652      0.00409
     -0.65536      0.00390
     -0.65419      0.00364
     -0.65302      0.00334
     -0.65185      0.00300
     -0.65069      0.00265
     -0.64952      0.00229
     -0.64835      0.00193
     -0.64718      0.00159
     -0.64602      0.00128
     -0.64485      0.00101
     -0.64368      0.00077
     -0.64251      0.00058
     -0.64134      0.00042
     -0.64018      0.00030
     -0.63901      0.00021
     -0.63784      0.00013
     -0.63667      0.00009
     -0.63551      0.00006
     -0.63434      0.00004
     -0.63317      0.00002
     -0.63200      0.00001
     -0.63084      0.00000
     -0.62967      0.00000
     -0.62850      0.00000
     -0.62733      0.00000
     -0.62617      0.00000
     -0.62500      0.00000
     -0.62383      0.00000
     -0.62266      0.00000
     -0.62149      0.00000
     -0.62033      0.00000
     -0.61916      0.00000
     -0.61799      0.00000
     -0.61682      0.00000
     -0.61566      0.00000
     -0.61449      0.00000
     -0.61332      0.00000
     -0.61215      0.00000
     -0.61099      0.00000
     -0.60982      0.00000
     -0.60865      0.00000
     -0.60748      0.00000
     -0.60632      0.00000
     -0.60515      0.00000
     -0.60398      0.00000
     -0.60281      0.00000
     -0.60164      0.00000
     -0.60048      0.00000
     -0.59931      0.00000
     -0.59814      0.00000
     -0.59697      0.00000
     -0.59581      0.00000
     -0.59464      0.00000
     -0.59347      0.00000
     -0.59230      0.00000
     -0.59114      0.00000
     -0.58997      0.00000
     -0.58880      0.00000
     -0.58763      0.00000
     -0.58647      0.00000
     -0.58530      0.00000
     -0.58413      0.00000
     -0.58296      0.00000
     -0.58179      0.00000
     -0.58063      0.00000
     -0.57946      0.00000
     -0.57829      0.00000
     -0.57712      0.00000
     -0.57596      0.00000
     -0.57479      0.00000
     -0.57362      0.00000
     -0.57245      0.00000
     -0.57129      0.00000
     -0.57012      0.00000
     -0.56895      0.00000
     -0.56778      0.00000
     -0.56662      0.00000
     -0.56545      0.00000
     -0.56428      0.00000
     -0.56311      0.00000
     -0.56195      0.00000
     -0.56078      0.00000
     -0.55961      0.00000
     -0.55844      0.00000
     -0.55727      0.00000
     -0.55611      0.00000
     -0.55494      0.00000
     -0.55377      0.00000
     -0.55260      0.00000
     -0.55144      0.00000
     -0.55027      0.00000
     -0.54910      0.00000
     -0.54793      0.00000
     -0.54677      0.00000
     -0.54560      0.00000
     -0.54443      0.00000
     -0.54326      0.00000
     -0.54210      0.00000
     -0.54093      0.00000
     -0.53976      0.00000
     -0.53859      0.00000
     -0.53742      0.00000
     -0.53626      0.00000
     -0.53509      0.00000
     -0.53392      0.00000
     -0.53275      0.00000
     -0.53159      0.00000
     -0.53042      0.00000
     -0.52925      0.00000
     -0.52808      0.00000
     -0.52692      0.00000
     -0.52575      0.00000
     -0.52458      0.00000
     -0.52341      0.00000
     -0.52225      0.00000
     -0.52108      0.00000
     -0.51991      0.00000
     -0.51874      0.00000
     -0.51757      0.00000
     -0.51641      0.00000
     -0.51524      0.00000
     -0.51407      0.00000
     -0.51290      0.00000
     -0.51174      0.00000
     -0.51057      0.00000
     -0.50940      0.00000
     -0.50823      0.00000
     -0.50707      0.00000
     -0.50590      0.00000
     -0.50473      0.00000
     -0.50356      0.00000
     -0.50240      0.00000
     -0.50123      0.00000
     -0.50006      0.00000
     -0.49889      0.00000
     -0.49772      0.00000
     -0.49656      0.00000
     -0.49539      0.00000
     -0.49422      0.00000
     -0.49305      0.00000
     -0.49189      0.00000
     -0.49072      0.00000
     -0.48955      0.00000
     -0.48838      0.00000
     -0.48722      0.00000
     -0.48605      0.00000
     -0.48488      0.00000
     -0.48371      0.00000
     -0.48255      0.00000
     -0.48138      0.00000
     -0.48021      0.00000
     -0.47904      0.00000
     -0.47788      0.00000
     -0.47671      0.00000
     -0.47554      0.00000
     -0.47437      0.00000
     -0.47320      0.00000
     -0.47204      0.00000
     -0.47087      0.00000
     -0.46970      0.00000
     -0.46853      0.00000
     -0.46737      0.00000
     -0.46620      0.00000
     -0.46503      0.00000
     -0.46386      0.00000
     -0.46270      0.00000
     -0.46153      0.00000
     -0.46036      0.00000
     -0.45919      0.00000
     -0.45803      0.00000
     -0.45686      0.00000
     -0.45569      0.00000
     -0.45452      0.00000
     -0.45335      0.00000
     -0.45219      0.00000
     -0.45102      0.00000
     -0.44985      0.00000
     -0.44868      0.00000
     -0.44752      0.00000
     -0.44635      0.00000
     -0.44518      0.00000
     -0.44401      0.00000
     -0.44285      0.00000
     -0.44168      0.00000
     -0.44051      0.00000
     -0.43934      0.00000
     -0.43818      0.00000
     -0.43701      0.00000
     -0.43584      0.00000
     -0.43467      0.00000
     -0.43350      0.00000
     -0.43234      0.00000
     -0.43117      0.00000
     -0.43000      0.00000
     -0.42883      0.00000
     -0.42767      0.00000
     -0.42650      0.00000
     -0.42533      0.00000
     -0.42416      0.00000
     -0.42300      0.00000
     -0.42183      0.00000
     -0.42066      0.00000
     -0.41949      0.00000
     -0.41833      0.00000
     -0.41716      0.00000
     -0.41599      0.00000
     -0.41482      0.00000
     -0.41365      0.00000
     -0.41249      0.00000
     -0.41132      0.00000
     -0.41015      0.00000
     -0.40898      0.00000
     -0.40782      0.00000
     -0.40665      0.00000
     -0.40548      0.00000
     -0.40431      0.00000
     -0.40315      0.00000
     -0.40198      0.00000
     -0.40081      0.00000
     -0.39964      0.00000
     -0.39848      0.00000
     -0.39731      0.00000
     -0.39614      0.00000
     -0.39497      0.00000
     -0.39381      0.00000
     -0.39264      0.00000
     -0.39147      0.00000
     -0.39030      0.00000
     -0.38913      0.00000
     -0.38797      0.00000
     -0.38680      0.00000
     -0.38563      0.00000
     -0.38446      0.00000
     -0.38330      0.00000
     -0.38213      0.00000
     -0.38096      0.00000
     -0.37979      0.00000
     -0.37863      0.00000
     -0.37746      0.00000
     -0.37629      0.00000
     -0.37512      0.00000
     -0.37396      0.00000
     -0.37279      0.00000
     -0.37162      0.00000
     -0.37045      0.00000
     -0.36928      0.00000
     -0.36812      0.00000
     -0.36695      0.00000
     -0.36578      0.00000
     -0.36461      0.00000
     -0.36345      0.00000
     -0.36228      0.00000
     -0.36111      0.00000
     -0.35994      0.00000
     -0.35878      0.00000
     -0.35761      0.00000
     -0.35644      0.00000
     -0.35527      0.00000
     -0.35411      0.00000
     -0.35294      0.00000
     -0.35177      0.00000
     -0.35060      0.00000
     -0.34943      0.00000
     -0.34827      0.00000
     -0.34710      0.00000
     -0.34593      0.00000
     -0.34476      0.00000
     -0.34360      0.00000
     -0.34243      0.00000
     -0.34126      0.00000
     -0.34009      0.00000
     -0.33893      0.00000
     -0.33776      0.00000
     -0.33659      0.00000
     -0.33542      0.00000
     -0.33426      0.00000
     -0.33309      0.00000
     -0.33192      0.00000
     -0.33075      0.00000
     -0.32958      0.00000
     -0.32842      0.00000
     -0.32725      0.00000
     -0.32608      0.00000
     -0.32491      0.00000
     -0.32375      0.00000
     -0.32258      0.00000
     -0.32141      0.00000
     -0.32024      0.00000
     -0.31908      0.00000
     -0.31791      0.00000
     -0.31674      0.00000
     -0.31557      0.00000
     -0.31441      0.00000
     -0.31324      0.00000
     -0.31207      0.00000
     -0.31090      0.00000
     -0.30973      0.00000
     -0.30857      0.00000
     -0.30740      0.00000
     -0.30623      0.00000
     -0.30506      0.00000
     -0.30390      0.00000
     -0.30273      0.00000
     -0.30156      0.00000
     -0.30039      0.00000
     -0.29923      0.00000
     -0.29806      0.00000
     -0.29689      0.00000
     -0.29572      0.00000
     -0.29456      0.00000
     -0.29339      0.00000
     -0.29222      0.00000
     -0.29105      0.00000
     -0.28989      0.00000
     -0.28872      0.00000
     -0.28755      0.00000
     -0.28638      0.00000
     -0.28521      0.00000
     -0.28405      0.00000
     -0.28288      0.00000
     -0.28171      0.00000
     -0.28054      0.00000
     -0.27938      0.00000
     -0.27821      0.00000
     -0.27704      0.00000
     -0.27587      0.00001
     -0.27471      0.00001
     -0.27354      0.00002
     -0.27237      0.00004
     -0.27120      0.00007
     -0.27004      0.00011
     -0.26887      0.00017
     -0.26770      0.00026
     -0.26653      0.00038
     -0.26536      0.00055
     -0.26420      0.00077
     -0.26303      0.00104
     -0.26186      0.00136
     -0.26069      0.00174
     -0.25953      0.00215
     -0.25836      0.00260
     -0.25719      0.00304
     -0.25602      0.00346
     -0.25486      0.00386
     -0.25369      0.00418
     -0.25252      0.00444
     -0.25135      0.00462
     -0.25019      0.00475
     -0.24902      0.00485
     -0.24785      0.00498
     -0.24668      0.00520
     -0.24551      0.00560
     -0.24435      0.00623
     -0.24318      0.00717
     -0.24201      0.00849
     -0.24084      0.01026
     -0.23968      0.01249
     -0.23851      0.01520
     -0.23734      0.01836
     -0.23617      0.02190
     -0.23501      0.02573
     -0.23384      0.02973
     -0.23267      0.03376
     -0.23150      0.03767
     -0.23034      0.04131
     -0.22917      0.04454
     -0.22800      0.04726
     -0.22683      0.04934
     -0.22566      0.05071
     -0.22450      0.05131
     -0.22333      0.05110
     -0.22216      0.05009
     -0.22099      0.04829
     -0.21983      0.04578
     -0.21866      0.04265
     -0.21749      0.03904
     -0.21632      0.03510
     -0.21516      0.03101
     -0.21399      0.02694
     -0.21282      0.02303
     -0.21165      0.01941
     -0.21049      0.01614
     -0.20932      0.01329
     -0.20815      0.01089
     -0.20698      0.00883
     -0.20582      0.00722
     -0.20465      0.00592
     -0.20348      0.00503
     -0.20231      0.00445
     -0.20114      0.00422
     -0.19998      0.00442
     -0.19881      0.00511
     -0.19764      0.00628
     -0.19647      0.00835
     -0.19531      0.01123
     -0.19414      0.01503
     -0.19297      0.01979
     -0.19180      0.02554
     -0.19064      0.03215
     -0.18947      0.03945
     -0.18830      0.04711
     -0.18713      0.05476
     -0.18597      0.06195
     -0.18480      0.06819
     -0.18363      0.07307
     -0.18246      0.07621
     -0.18129      0.07738
     -0.18013      0.07657
     -0.17896      0.07378
     -0.17779      0.06929
     -0.17662      0.06348
     -0.17546      0.05682
     -0.17429      0.04982
     -0.17312      0.04298
     -0.17195      0.03676
     -0.17079      0.03157
     -0.16962      0.02771
     -0.16845      0.02544
     -0.16728      0.02485
     -0.16612      0.02596
     -0.16495      0.02869
     -0.16378      0.03285
     -0.16261      0.03815
     -0.16144      0.04421
     -0.16028      0.05033
     -0.15911      0.05662
     -0.15794      0.06220
     -0.15677      0.06670
     -0.15561      0.06974
     -0.15444      0.07140
     -0.15327      0.07158
     -0.15210      0.07042
     -0.15094      0.06825
     -0.14977      0.06545
     -0.14860      0.06241
     -0.14743      0.05952
     -0.14627      0.05706
     -0.14510      0.05525
     -0.14393      0.05419
     -0.14276      0.05387
     -0.14159      0.05423
     -0.14043      0.05513
     -0.13926      0.05643
     -0.13809      0.05794
     -0.13692      0.05951
     -0.13576      0.06098
     -0.13459      0.06221
     -0.13342      0.06306
     -0.13225      0.06318
     -0.13109      0.06308
     -0.12992      0.06228
     -0.12875      0.06077
     -0.12758      0.05856
     -0.12642      0.05571
     -0.12525      0.05232
     -0.12408      0.04853
     -0.12291      0.04453
     -0.12174      0.04051
     -0.12058      0.03655
     -0.11941      0.03306
     -0.11824      0.03000
     -0.11707      0.02743
     -0.11591      0.02535
     -0.11474      0.02371
     -0.11357      0.02233
     -0.11240      0.02125
     -0.11124      0.02018
     -0.11007      0.01913
     -0.10890      0.01794
     -0.10773      0.01658
     -0.10657      0.01505
     -0.10540      0.01330
     -0.10423      0.01161
     -0.10306      0.00991
     -0.10190      0.00824
     -0.10073      0.00677
     -0.09956      0.00547
     -0.09839      0.00435
     -0.09722      0.00342
     -0.09606      0.00267
     -0.09489      0.00208
     -0.09372      0.00162
     -0.09255      0.00126
     -0.09139      0.00098
     -0.09022      0.00076
     -0.08905      0.00059
     -0.08788      0.00038
     -0.08672      0.00030
     -0.08555      0.00023
     -0.08438      0.00017
     -0.08321      0.00012
     -0.08205      0.00009
     -0.08088      0.00006
     -0.07971      0.00004
     -0.07854      0.00003
     -0.07737      0.00002
     -0.07621      0.00001
     -0.07504      0.00001
     -0.07387      0.00000
     -0.07270      0.00000
     -0.07154      0.00000
     -0.07037      0.00000
     -0.06920      0.00000
     -0.06803      0.00000
     -0.06687      0.00000
     -0.06570      0.00000
     -0.06453      0.00000
     -0.06336      0.00000
     -0.06220      0.00000
     -0.06103      0.00000
     -0.05986      0.00000
     -0.05869      0.00000
     -0.05752      0.00000
     -0.05636      0.00000
     -0.05519      0.00000
     -0.05402      0.00000
     -0.05285      0.00000
     -0.05169      0.00000
     -0.05052      0.00000
     -0.04935      0.00000
     -0.04818      0.00000
     -0.04702      0.00000
     -0.04585      0.00000
     -0.04468      0.00000
     -0.04351      0.00000
     -0.04235      0.00000
     -0.04118      0.00000
     -0.04001      0.00000
     -0.03884      0.00000
     -0.03767      0.00000
     -0.03651      0.00000
     -0.03534      0.00000
     -0.03417      0.00000
     -0.03300      0.00000
     -0.03184      0.00000
     -0.03067      0.00000
     -0.02950      0.00000
     -0.02833      0.00000
     -0.02717      0.00000
     -0.02600      0.00000
     -0.02483      0.00000
     -0.02366      0.00000
     -0.02250      0.00000
     -0.02133      0.00000
     -0.02016      0.00000
     -0.01899      0.00000
     -0.01783      0.00000
     -0.01666      0.00000
     -0.01549      0.00000
     -0.01432      0.00000
     -0.01315      0.00000
     -0.01199      0.00000
     -0.01082      0.00000
     -0.00965      0.00000
     -0.00848      0.00000
     -0.00732      0.00000
     -0.00615      0.00000
     -0.00498      0.00000
     -0.00381      0.00000
     -0.00265      0.00000
     -0.00148      0.00000
     -0.00031      0.00000
      0.00086      0.00000
      0.00202      0.00000
      0.00319      0.00000
      0.00436      0.00000
      0.00553      0.00000
      0.00670      0.00000
      0.00786      0.00000
      0.00903      0.00000
      0.01020      0.00000
      0.01137      0.00000
      0.01253      0.00000
      0.01370      0.00000
      0.01487      0.00000
      0.01604      0.00000
      0.01720      0.00000
      0.01837      0.00000
      0.01954      0.00000
      0.02071      0.00000
      0.02187      0.00000
      0.02304      0.00000
      0.02421      0.00000
      0.02538      0.00000
      0.02655      0.00000
      0.02771      0.00000
      0.02888      0.00000
      0.03005      0.00000
      0.03122      0.00000
      0.03238      0.00000
      0.03355      0.00000
      0.03472      0.00000
      0.03589      0.00000
      0.03705      0.00000
      0.03822      0.00000
      0.03939      0.00000
      0.04056      0.00000
      0.04172      0.00000
      0.04289      0.00000
      0.04406      0.00000
      0.04523      0.00000
      0.04640      0.00000
      0.04756      0.00000
      0.04873      0.00000
      0.04990      0.00000
      0.05107      0.00000
      0.05223      0.00000
      0.05340      0.00000
      0.05457      0.00000
      0.05574      0.00000
      0.05690      0.00000
      0.05807      0.00000
      0.05924      0.00000
      0.06041      0.00000
      0.06157      0.00000
      0.06274      0.00000
      0.06391      0.00000
      0.06508      0.00000
      0.06625      0.00000
      0.06741     -0.00000
      0.06858     -0.00000
      0.06975     -0.00000
      0.07092     -0.00000
      0.07208     -0.00000
      0.07325     -0.00000
      0.07442     -0.00000
      0.07559     -0.00000
      0.07675     -0.00000
      0.07792     -0.00000
      0.07909     -0.00000
      0.08026     -0.00000
      0.08142     -0.00000
      0.08259     -0.00000
      0.08376     -0.00000
      0.08493     -0.00000
      0.08609     -0.00000
      0.08726     -0.00000
      0.08843     -0.00000
      0.08960     -0.00000
      0.09077     -0.00000
      0.09193     -0.00000
      0.09310     -0.00000
      0.09427     -0.00000
      0.09544     -0.00000
      0.09660     -0.00000
      0.09777     -0.00000
      0.09894     -0.00000
      0.10011      0.00000
      0.10127      0.00001
      0.10244      0.00001
      0.10361      0.00002
      0.10478      0.00003
      0.10594      0.00005
      0.10711      0.00007
      0.10828      0.00012
      0.10945      0.00017
      0.11062      0.00025
      0.11178      0.00035
      0.11295      0.00048
      0.11412      0.00064
      0.11529      0.00083
      0.11645      0.00104
      0.11762      0.00127
      0.11879      0.00150
      0.11996      0.00172
      0.12112      0.00191
      0.12229      0.00207
      0.12346      0.00217
      0.12463      0.00222
      0.12579      0.00219
      0.12696      0.00211
      0.12813      0.00197
      0.12930      0.00178
      0.13047      0.00157
      0.13163      0.00134
      0.13280      0.00111
      0.13397      0.00089
      0.13514      0.00070
      0.13630      0.00053
      0.13747      0.00039
      0.13864      0.00028
      0.13981      0.00019
      0.14097      0.00013
      0.14214      0.00009
      0.14331      0.00005
      0.14448      0.00003
      0.14564      0.00002
      0.14681      0.00001
      0.14798      0.00000
      0.14915      0.00000
      0.15032      0.00000
      0.15148      0.00000
      0.15265      0.00000
      0.15382      0.00000
      0.15499      0.00000
      0.15615      0.00000
      0.15732      0.00000
      0.15849      0.00004
      0.15966      0.00007
      0.16082      0.00012
      0.16199      0.00021
      0.16316      0.00035
      0.16433      0.00058
      0.16549      0.00091
      0.16666      0.00140
      0.16783      0.00209
      0.16900      0.00302
      0.17016      0.00425
      0.17133      0.00580
      0.17250      0.00768
      0.17367      0.00988
      0.17484      0.01234
      0.17600      0.01496
      0.17717      0.01761
      0.17834      0.02012
      0.17951      0.02233
      0.18067      0.02406
      0.18184      0.02516
      0.18301      0.02556
      0.18418      0.02520
      0.18534      0.02412
      0.18651      0.02242
      0.18768      0.02023
      0.18885      0.01773
      0.19001      0.01508
      0.19118      0.01245
      0.19235      0.00999
      0.19352      0.00791
      0.19469      0.00612
      0.19585      0.00475
      0.19702      0.00383
      0.19819      0.00341
      0.19936      0.00352
      0.20052      0.00425
      0.20169      0.00579
      0.20286      0.00817
      0.20403      0.01162
      0.20519      0.01630
      0.20636      0.02232
      0.20753      0.02997
      0.20870      0.03915
      0.20986      0.04981
      0.21103      0.06175
      0.21220      0.07464
      0.21337      0.08806
      0.21454      0.10149
      0.21570      0.11437
      0.21687      0.12618
      0.21804      0.13641
      0.21921      0.14467
      0.22037      0.15065
      0.22154      0.15414
      0.22271      0.15504
      0.22388      0.15333
      0.22504      0.14907
      0.22621      0.14242
      0.22738      0.13360
      0.22855      0.12296
      0.22971      0.11091
      0.23088      0.09794
      0.23205      0.08465
      0.23322      0.07149
      0.23439      0.05899
      0.23555      0.04759
      0.23672      0.03760
      0.23789      0.02925
      0.23906      0.02266
      0.24022      0.01784
      0.24139      0.01449
      0.24256      0.01323
      0.24373      0.01350
      0.24489      0.01522
      0.24606      0.01828
      0.24723      0.02253
      0.24840      0.02776
      0.24956      0.03391
      0.25073      0.04089
      0.25190      0.04811
      0.25307      0.05538
      0.25424      0.06260
      0.25540      0.06977
      0.25657      0.07718
      0.25774      0.08534
      0.25891      0.09504
      0.26007      0.10762
      0.26124      0.12369
      0.26241      0.14450
      0.26358      0.17087
      0.26474      0.20317
      0.26591      0.24118
      0.26708      0.28404
      0.26825      0.33020
      0.26941      0.37794
      0.27058      0.42454
      0.27175      0.46785
      0.27292      0.50584
      0.27408      0.53706
      0.27525      0.56070
      0.27642      0.57672
      0.27759      0.58569
      0.27876      0.58861
      0.27992      0.58646
      0.28109      0.58101
      0.28226      0.57287
      0.28343      0.56275
      0.28459      0.55103
      0.28576      0.53779
      0.28693      0.52289
      0.28810      0.50606
      0.28926      0.48696
      0.29043      0.46526
      0.29160      0.44070
      0.29277      0.41315
      0.29393      0.38265
      0.29510      0.34947
      0.29627      0.31416
      0.29744      0.27632
      0.29861      0.23973
      0.29977      0.20356
      0.30094      0.16897
      0.30211      0.13684
      0.30328      0.10822
      0.30444      0.08379
      0.30561      0.06332
      0.30678      0.04703
      0.30795      0.03377
      0.30911      0.02581
      0.31028      0.02129
      0.31145      0.02020
      0.31262      0.02268
      0.31378      0.02901
      0.31495      0.03964
      0.31612      0.05510
      0.31729      0.07515
      0.31846      0.10248
      0.31962      0.13532
      0.32079      0.17361
      0.32196      0.21652
      0.32313      0.26261
      0.32429      0.30996
      0.32546      0.35636
      0.32663      0.39958
      0.32780      0.43769
      0.32896      0.46938
      0.33013      0.49420
      0.33130      0.51258
      0.33247      0.52573
      0.33363      0.53537
      0.33480      0.54331
      0.33597      0.55103
      0.33714      0.55925
      0.33831      0.56773
      0.33947      0.57527
      0.34064      0.57990
      0.34181      0.57927
      0.34298      0.57109
      0.34414      0.55368
      0.34531      0.52626
      0.34648      0.48916
      0.34765      0.44379
      0.34881      0.39241
      0.34998      0.33781
      0.35115      0.28290
      0.35232      0.22846
      0.35348      0.18123
      0.35465      0.13979
      0.35582      0.10477
      0.35699      0.07673
      0.35815      0.05512
      0.35932      0.03953
      0.36049      0.02930
      0.36166      0.02387
      0.36283      0.02298
      0.36399      0.02634
      0.36516      0.03415
      0.36633      0.04476
      0.36750      0.06498
      0.36866      0.09041
      0.36983      0.12388
      0.37100      0.16458
      0.37217      0.21390
      0.37333      0.27244
      0.37450      0.34082
      0.37567      0.41980
      0.37684      0.51048
      0.37800      0.61443
      0.37917      0.73370
      0.38034      0.87064
      0.38151      1.02748
      0.38268      1.20564
      0.38384      1.40488
      0.38501      1.62245
      0.38618      1.85243
      0.38735      2.08544
      0.38851      2.30909
      0.38968      2.50993
      0.39085      2.67115
      0.39202      2.77981
      0.39318      2.82569
      0.39435      2.80365
      0.39552      2.71473
      0.39669      2.56632
      0.39785      2.37144
      0.39902      2.14723
      0.40019      1.91286
      0.40136      1.68732
      0.40253      1.48827
      0.40369      1.32822
      0.40486      1.21376
      0.40603      1.14942
      0.40720      1.13129
      0.40836      1.15266
      0.40953      1.20478
      0.41070      1.27541
      0.41187      1.35515
      0.41303      1.43474
      0.41420      1.50809
      0.41537      1.56625
      0.41654      1.62427
      0.41770      1.67025
      0.41887      1.72000
      0.42004      1.77015
      0.42121      1.82415
      0.42238      1.88410
      0.42354      1.94874
      0.42471      2.01413
      0.42588      2.07601
      0.42705      2.12904
      0.42821      2.16825
      0.42938      2.18996
      0.43055      2.19238
      0.43172      2.17592
      0.43288      2.14314
      0.43405      2.09834
      0.43522      2.04701
      0.43639      1.99753
      0.43755      1.94910
      0.43872      1.91638
      0.43989      1.89639
      0.44106      1.89046
      0.44223      1.89783
      0.44339      1.91610
      0.44456      1.94202
      0.44573      1.97237
      0.44690      2.00495
      0.44806      2.03913
      0.44923      2.07602
      0.45040      2.11412
      0.45157      2.16587
      0.45273      2.22663
      0.45390      2.29780
      0.45507      2.37443
      0.45624      2.45082
      0.45740      2.51318
      0.45857      2.56205
      0.45974      2.57981
      0.46091      2.55907
      0.46207      2.49652
      0.46324      2.39396
      0.46441      2.25849
      0.46558      2.10094
      0.46675      1.93709
      0.46791      1.78068
      0.46908      1.64485
      0.47025      1.53736
      0.47142      1.46421
      0.47258      1.42934
      0.47375      1.42141
      0.47492      1.43165
      0.47609      1.44867
      0.47725      1.46088
      0.47842      1.45843
      0.47959      1.43467
      0.48076      1.38703
      0.48192      1.31721
      0.48309      1.23064
      0.48426      1.12823
      0.48543      1.03701
      0.48660      0.95418
      0.48776      0.88773
      0.48893      0.84268
      0.49010      0.82062
      0.49127      0.81967
      0.49243      0.83609
      0.49360      0.86155
      0.49477      0.88886
      0.49594      0.91094
      0.49710      0.92121
      0.49827      0.91619
      0.49944      0.89505
      0.50061      0.85990
      0.50177      0.81053
      0.50294      0.76582
      0.50411      0.72533
      0.50528      0.69708
      0.50645      0.68786
      0.50761      0.70234
      0.50878      0.74246
      0.50995      0.80711
      0.51112      0.89218
      0.51228      0.99088
      0.51345      1.09443
      0.51462      1.19304
      0.51579      1.27691
      0.51695      1.33737
      0.51812      1.36837
      0.51929      1.36547
      0.52046      1.32506
      0.52162      1.25869
      0.52279      1.16686
      0.52396      1.05639
      0.52513      0.93722
      0.52630      0.81966
      0.52746      0.71385
      0.52863      0.62939
      0.52980      0.57501
      0.53097      0.55834
      0.53213      0.58571
      0.53330      0.66189
      0.53447      0.78967
      0.53564      0.96930
      0.53680      1.19922
      0.53797      1.47245
      0.53914      1.77766
      0.54031      2.09840
      0.54147      2.42449
      0.54264      2.73212
      0.54381      3.00114
      0.54498      3.22016
      0.54614      3.37531
      0.54731      3.46101
      0.54848      3.48057
      0.54965      3.44519
      0.55082      3.36961
      0.55198      3.27419
      0.55315      3.17949
      0.55432      3.10381
      0.55549      3.06074
      0.55665      3.05753
      0.55782      3.09465
      0.55899      3.16642
      0.56016      3.26258
      0.56132      3.37030
      0.56249      3.47624
      0.56366      3.56822
      0.56483      3.63638
      0.56599      3.67030
