#     PDOS  atom 1 mg  (Mulliken)
#     E - Ef       total           s           p           d
# Ef =         0.3840051700
     -0.83401      0.00000      0.00000      0.00000      0.00000
     -0.83284      0.00000      0.00000      0.00000      0.00000
     -0.83167      0.00000      0.00000      0.00000      0.00000
     -0.83050      0.00000      0.00000      0.00000      0.00000
     -0.82933      0.00000      0.00000      0.00000      0.00000
     -0.82817      0.00000      0.00000      0.00000      0.00000
     -0.82700      0.00000      0.00000      0.00000      0.00000
     -0.82583      0.00000      0.00000      0.00000      0.00000
     -0.82466      0.00000      0.00000      0.00000      0.00000
     -0.82350      0.00000      0.00000      0.00000      0.00000
     -0.82233      0.00000      0.00000      0.00000      0.00000
     -0.82116      0.00000      0.00000      0.00000      0.00000
     -0.81999      0.00000      0.00000      0.00000      0.00000
     -0.81883      0.00000      0.00000      0.00000      0.00000
     -0.81766      0.00000      0.00000      0.00000      0.00000
     -0.81649      0.00000      0.00000      0.00000      0.00000
     -0.81532      0.00000      0.00000      0.00000      0.00000
     -0.81416      0.00000      0.00000      0.00000      0.00000
     -0.81299      0.00000      0.00000      0.00000      0.00000
     -0.81182      0.00000      0.00000      0.00000      0.00000
     -0.81065      0.00000      0.00000      0.00000      0.00000
     -0.80948      0.00000      0.00000      0.00000      0.00000
     -0.80832      0.00000      0.00000      0.00000      0.00000
     -0.80715      0.00000      0.00000      0.00000      0.00000
     -0.80598      0.00000      0.00000      0.00000      0.00000
     -0.80481      0.00000      0.00000      0.00000      0.00000
     -0.80365      0.00000      0.00000      0.00000      0.00000
     -0.80248      0.00000      0.00000      0.00000      0.00000
     -0.80131      0.00000      0.00000      0.00000      0.00000
     -0.80014      0.00000      0.00000      0.00000      0.00000
     -0.79898      0.00000      0.00000      0.00000      0.00000
     -0.79781      0.00000      0.00000      0.00000      0.00000
     -0.79664      0.00000      0.00000      0.00000      0.00000
     -0.79547      0.00000      0.00000      0.00000      0.00000
     -0.79431      0.00000      0.00000      0.00000      0.00000
     -0.79314      0.00000      0.00000      0.00000      0.00000
     -0.79197      0.00000      0.00000      0.00000      0.00000
     -0.79080      0.00000      0.00000      0.00000      0.00000
     -0.78963      0.00000      0.00000      0.00000      0.00000
     -0.78847      0.00000      0.00000      0.00000      0.00000
     -0.78730      0.00000      0.00000      0.00000      0.00000
     -0.78613      0.00000      0.00000      0.00000      0.00000
     -0.78496      0.00000      0.00000      0.00000      0.00000
     -0.78380      0.00000      0.00000      0.00000      0.00000
     -0.78263      0.00000      0.00000      0.00000      0.00000
     -0.78146      0.00000      0.00000      0.00000      0.00000
     -0.78029      0.00000      0.00000      0.00000      0.00000
     -0.77913      0.00000      0.00000      0.00000      0.00000
     -0.77796      0.00000      0.00000      0.00000      0.00000
     -0.77679      0.00000      0.00000      0.00000      0.00000
     -0.77562      0.00000      0.00000      0.00000      0.00000
     -0.77446      0.00000      0.00000      0.00000      0.00000
     -0.77329      0.00000      0.00000      0.00000      0.00000
     -0.77212      0.00000      0.00000      0.00000      0.00000
     -0.77095      0.00000      0.00000      0.00000      0.00000
     -0.76978      0.00000      0.00000      0.00000      0.00000
     -0.76862      0.00000      0.00000      0.00000      0.00000
     -0.76745      0.00000      0.00000      0.00000      0.00000
     -0.76628      0.00000      0.00000      0.00000      0.00000
     -0.76511      0.00000      0.00000      0.00000      0.00000
     -0.76395      0.00000      0.00000      0.00000      0.00000
     -0.76278      0.00000      0.00000      0.00000      0.00000
     -0.76161      0.00000      0.00000      0.00000      0.00000
     -0.76044      0.00000      0.00000      0.00000      0.00000
     -0.75928      0.00000      0.00000      0.00000      0.00000
     -0.75811      0.00000      0.00000      0.00000      0.00000
     -0.75694      0.00000      0.00000      0.00000      0.00000
     -0.75577      0.00000      0.00000      0.00000      0.00000
     -0.75461      0.00000      0.00000      0.00000      0.00000
     -0.75344      0.00000      0.00000      0.00000      0.00000
     -0.75227      0.00000      0.00000      0.00000      0.00000
     -0.75110      0.00000      0.00000      0.00000      0.00000
     -0.74994      0.00000      0.00000      0.00000      0.00000
     -0.74877      0.00000      0.00000      0.00000      0.00000
     -0.74760      0.00000      0.00000      0.00000      0.00000
     -0.74643      0.00000      0.00000      0.00000      0.00000
     -0.74526      0.00000      0.00000      0.00000      0.00000
     -0.74410      0.00000      0.00000      0.00000      0.00000
     -0.74293      0.00000      0.00000      0.00000      0.00000
     -0.74176      0.00000      0.00000      0.00000      0.00000
     -0.74059      0.00000      0.00000      0.00000      0.00000
     -0.73943      0.00000      0.00000      0.00000      0.00000
     -0.73826      0.00003      0.00003      0.00000     -0.00000
     -0.73709      0.00006      0.00006      0.00000     -0.00000
     -0.73592      0.00012      0.00012      0.00000     -0.00000
     -0.73476      0.00021      0.00021      0.00000     -0.00000
     -0.73359      0.00036      0.00036      0.00000     -0.00000
     -0.73242      0.00059      0.00059      0.00000     -0.00000
     -0.73125      0.00132      0.00130      0.00002     -0.00000
     -0.73009      0.00217      0.00214      0.00003     -0.00000
     -0.72892      0.00348      0.00342      0.00005     -0.00000
     -0.72775      0.00545      0.00536      0.00009     -0.00000
     -0.72658      0.00834      0.00819      0.00015     -0.00000
     -0.72541      0.01248      0.01222      0.00025     -0.00000
     -0.72425      0.01824      0.01784      0.00040     -0.00000
     -0.72308      0.02605      0.02543      0.00062     -0.00000
     -0.72191      0.03638      0.03545      0.00093     -0.00000
     -0.72074      0.04963      0.04828      0.00136     -0.00000
     -0.71958      0.06615      0.06424      0.00192     -0.00000
     -0.71841      0.08612      0.08349      0.00263     -0.00000
     -0.71724      0.10946      0.10596      0.00351     -0.00000
     -0.71607      0.13677      0.13207      0.00469      0.00001
     -0.71491      0.16616      0.16016      0.00598      0.00001
     -0.71374      0.19722      0.18973      0.00746      0.00003
     -0.71257      0.22879      0.21965      0.00910      0.00005
     -0.71140      0.25965      0.24865      0.01093      0.00008
     -0.71024      0.28862      0.27555      0.01295      0.00013
     -0.70907      0.31487      0.29945      0.01522      0.00020
     -0.70790      0.33807      0.31992      0.01784      0.00031
     -0.70673      0.35857      0.33714      0.02096      0.00046
     -0.70556      0.37739      0.35197      0.02475      0.00067
     -0.70440      0.39682      0.36625      0.02962      0.00095
     -0.70323      0.41808      0.38127      0.03550      0.00131
     -0.70206      0.44357      0.39914      0.04269      0.00174
     -0.70089      0.47497      0.42144      0.05127      0.00226
     -0.69973      0.51313      0.44906      0.06122      0.00284
     -0.69856      0.55781      0.48193      0.07239      0.00349
     -0.69739      0.60760      0.51894      0.08450      0.00416
     -0.69622      0.66019      0.55807      0.09728      0.00485
     -0.69506      0.71276      0.59683      0.11037      0.00556
     -0.69389      0.76151      0.63198      0.12332      0.00621
     -0.69272      0.80389      0.66107      0.13600      0.00682
     -0.69155      0.83800      0.68225      0.14835      0.00740
     -0.69039      0.86302      0.69456      0.16051      0.00796
     -0.68922      0.87997      0.69869      0.17274      0.00855
     -0.68805      0.89123      0.69604      0.18588      0.00930
     -0.68688      0.89815      0.68828      0.19968      0.01020
     -0.68571      0.90450      0.67796      0.21513      0.01141
     -0.68455      0.91237      0.66733      0.23203      0.01301
     -0.68338      0.92323      0.65737      0.25073      0.01514
     -0.68221      0.94065      0.65130      0.27145      0.01791
     -0.68104      0.96424      0.64825      0.29449      0.02149
     -0.67988      0.99416      0.64830      0.31984      0.02603
     -0.67871      1.03031      0.65087      0.34792      0.03152
     -0.67754      1.07330      0.65533      0.37966      0.03831
     -0.67637      1.12235      0.66085      0.41532      0.04618
     -0.67521      1.17782      0.66665      0.45586      0.05532
     -0.67404      1.23966      0.67196      0.50193      0.06577
     -0.67287      1.30753      0.67604      0.55391      0.07759
     -0.67170      1.38068      0.67814      0.61171      0.09083
     -0.67054      1.45773      0.67754      0.67463      0.10556
     -0.66937      1.53668      0.67353      0.74128      0.12187
     -0.66820      1.61296      0.66385      0.80928      0.13984
     -0.66703      1.68847      0.65216      0.87671      0.15960
     -0.66587      1.75664      0.63553      0.93998      0.18113
     -0.66470      1.81437      0.61416      0.99590      0.20430
     -0.66353      1.85867      0.58846      1.04139      0.22882
     -0.66236      1.88691      0.55907      1.07374      0.25410
     -0.66119      1.89686      0.52669      1.09091      0.27926
     -0.66003      1.88687      0.49212      1.09159      0.30316
     -0.65886      1.85583      0.45610      1.07536      0.32438
     -0.65769      1.80331      0.41926      1.04263      0.34142
     -0.65652      1.72755      0.38082      0.99394      0.35280
     -0.65536      1.63456      0.34444      0.93278      0.35735
     -0.65419      1.52296      0.30828      0.86045      0.35423
     -0.65302      1.39574      0.27273      0.77981      0.34320
     -0.65185      1.25670      0.23817      0.69389      0.32465
     -0.65069      1.11033      0.20498      0.60579      0.29956
     -0.64952      0.96150      0.17358      0.51850      0.26942
     -0.64835      0.81448      0.14411      0.43433      0.23605
     -0.64718      0.67380      0.11657      0.35603      0.20120
     -0.64602      0.54638      0.09341      0.28589      0.16708
     -0.64485      0.43240      0.07313      0.22430      0.13497
     -0.64368      0.33375      0.05589      0.17181      0.10604
     -0.64251      0.25109      0.04166      0.12842      0.08101
     -0.64134      0.18404      0.03027      0.09360      0.06017
     -0.64018      0.12899      0.02060      0.06517      0.04323
     -0.63901      0.08997      0.01431      0.04529      0.03037
     -0.63784      0.06000      0.00959      0.02974      0.02068
     -0.63667      0.03968      0.00630      0.01966      0.01372
     -0.63551      0.02549      0.00402      0.01263      0.00884
     -0.63434      0.01591      0.00249      0.00789      0.00554
     -0.63317      0.00873      0.00148      0.00405      0.00320
     -0.63200      0.00421      0.00046      0.00223      0.00152
     -0.63084      0.00231      0.00020      0.00129      0.00082
     -0.62967      0.00000      0.00000      0.00000      0.00000
     -0.62850      0.00000      0.00000      0.00000      0.00000
     -0.62733      0.00000      0.00000      0.00000      0.00000
     -0.62617      0.00000      0.00000      0.00000      0.00000
     -0.62500      0.00000      0.00000      0.00000      0.00000
     -0.62383      0.00000      0.00000      0.00000      0.00000
     -0.62266      0.00000      0.00000      0.00000      0.00000
     -0.62149      0.00000      0.00000      0.00000      0.00000
     -0.62033      0.00000      0.00000      0.00000      0.00000
     -0.61916      0.00000      0.00000      0.00000      0.00000
     -0.61799      0.00000      0.00000      0.00000      0.00000
     -0.61682      0.00000      0.00000      0.00000      0.00000
     -0.61566      0.00000      0.00000      0.00000      0.00000
     -0.61449      0.00000      0.00000      0.00000      0.00000
     -0.61332      0.00000      0.00000      0.00000      0.00000
     -0.61215      0.00000      0.00000      0.00000      0.00000
     -0.61099      0.00000      0.00000      0.00000      0.00000
     -0.60982      0.00000      0.00000      0.00000      0.00000
     -0.60865      0.00000      0.00000      0.00000      0.00000
     -0.60748      0.00000      0.00000      0.00000      0.00000
     -0.60632      0.00000      0.00000      0.00000      0.00000
     -0.60515      0.00000      0.00000      0.00000      0.00000
     -0.60398      0.00000      0.00000      0.00000      0.00000
     -0.60281      0.00000      0.00000      0.00000      0.00000
     -0.60164      0.00000      0.00000      0.00000      0.00000
     -0.60048      0.00000      0.00000      0.00000      0.00000
     -0.59931      0.00000      0.00000      0.00000      0.00000
     -0.59814      0.00000      0.00000      0.00000      0.00000
     -0.59697      0.00000      0.00000      0.00000      0.00000
     -0.59581      0.00000      0.00000      0.00000      0.00000
     -0.59464      0.00000      0.00000      0.00000      0.00000
     -0.59347      0.00000      0.00000      0.00000      0.00000
     -0.59230      0.00000      0.00000      0.00000      0.00000
     -0.59114      0.00000      0.00000      0.00000      0.00000
     -0.58997      0.00000      0.00000      0.00000      0.00000
     -0.58880      0.00000      0.00000      0.00000      0.00000
     -0.58763      0.00000      0.00000      0.00000      0.00000
     -0.58647      0.00000      0.00000      0.00000      0.00000
     -0.58530      0.00000      0.00000      0.00000      0.00000
     -0.58413      0.00000      0.00000      0.00000      0.00000
     -0.58296      0.00000      0.00000      0.00000      0.00000
     -0.58179      0.00000      0.00000      0.00000      0.00000
     -0.58063      0.00000      0.00000      0.00000      0.00000
     -0.57946      0.00000      0.00000      0.00000      0.00000
     -0.57829      0.00000      0.00000      0.00000      0.00000
     -0.57712      0.00000      0.00000      0.00000      0.00000
     -0.57596      0.00000      0.00000      0.00000      0.00000
     -0.57479      0.00000      0.00000      0.00000      0.00000
     -0.57362      0.00000      0.00000      0.00000      0.00000
     -0.57245      0.00000      0.00000      0.00000      0.00000
     -0.57129      0.00000      0.00000      0.00000      0.00000
     -0.57012      0.00000      0.00000      0.00000      0.00000
     -0.56895      0.00000      0.00000      0.00000      0.00000
     -0.56778      0.00000      0.00000      0.00000      0.00000
     -0.56662      0.00000      0.00000      0.00000      0.00000
     -0.56545      0.00000      0.00000      0.00000      0.00000
     -0.56428      0.00000      0.00000      0.00000      0.00000
     -0.56311      0.00000      0.00000      0.00000      0.00000
     -0.56195      0.00000      0.00000      0.00000      0.00000
     -0.56078      0.00000      0.00000      0.00000      0.00000
     -0.55961      0.00000      0.00000      0.00000      0.00000
     -0.55844      0.00000      0.00000      0.00000      0.00000
     -0.55727      0.00000      0.00000      0.00000      0.00000
     -0.55611      0.00000      0.00000      0.00000      0.00000
     -0.55494      0.00000      0.00000      0.00000      0.00000
     -0.55377      0.00000      0.00000      0.00000      0.00000
     -0.55260      0.00000      0.00000      0.00000      0.00000
     -0.55144      0.00000      0.00000      0.00000      0.00000
     -0.55027      0.00000      0.00000      0.00000      0.00000
     -0.54910      0.00000      0.00000      0.00000      0.00000
     -0.54793      0.00000      0.00000      0.00000      0.00000
     -0.54677      0.00000      0.00000      0.00000      0.00000
     -0.54560      0.00000      0.00000      0.00000      0.00000
     -0.54443      0.00000      0.00000      0.00000      0.00000
     -0.54326      0.00000      0.00000      0.00000      0.00000
     -0.54210      0.00000      0.00000      0.00000      0.00000
     -0.54093      0.00000      0.00000      0.00000      0.00000
     -0.53976      0.00000      0.00000      0.00000      0.00000
     -0.53859      0.00000      0.00000      0.00000      0.00000
     -0.53742      0.00000      0.00000      0.00000      0.00000
     -0.53626      0.00000      0.00000      0.00000      0.00000
     -0.53509      0.00000      0.00000      0.00000      0.00000
     -0.53392      0.00000      0.00000      0.00000      0.00000
     -0.53275      0.00000      0.00000      0.00000      0.00000
     -0.53159      0.00000      0.00000      0.00000      0.00000
     -0.53042      0.00000      0.00000      0.00000      0.00000
     -0.52925      0.00000      0.00000      0.00000      0.00000
     -0.52808      0.00000      0.00000      0.00000      0.00000
     -0.52692      0.00000      0.00000      0.00000      0.00000
     -0.52575      0.00000      0.00000      0.00000      0.00000
     -0.52458      0.00000      0.00000      0.00000      0.00000
     -0.52341      0.00000      0.00000      0.00000      0.00000
     -0.52225      0.00000      0.00000      0.00000      0.00000
     -0.52108      0.00000      0.00000      0.00000      0.00000
     -0.51991      0.00000      0.00000      0.00000      0.00000
     -0.51874      0.00000      0.00000      0.00000      0.00000
     -0.51757      0.00000      0.00000      0.00000      0.00000
     -0.51641      0.00000      0.00000      0.00000      0.00000
     -0.51524      0.00000      0.00000      0.00000      0.00000
     -0.51407      0.00000      0.00000      0.00000      0.00000
     -0.51290      0.00000      0.00000      0.00000      0.00000
     -0.51174      0.00000      0.00000      0.00000      0.00000
     -0.51057      0.00000      0.00000      0.00000      0.00000
     -0.50940      0.00000      0.00000      0.00000      0.00000
     -0.50823      0.00000      0.00000      0.00000      0.00000
     -0.50707      0.00000      0.00000      0.00000      0.00000
     -0.50590      0.00000      0.00000      0.00000      0.00000
     -0.50473      0.00000      0.00000      0.00000      0.00000
     -0.50356      0.00000      0.00000      0.00000      0.00000
     -0.50240      0.00000      0.00000      0.00000      0.00000
     -0.50123      0.00000      0.00000      0.00000      0.00000
     -0.50006      0.00000      0.00000      0.00000      0.00000
     -0.49889      0.00000      0.00000      0.00000      0.00000
     -0.49772      0.00000      0.00000      0.00000      0.00000
     -0.49656      0.00000      0.00000      0.00000      0.00000
     -0.49539      0.00000      0.00000      0.00000      0.00000
     -0.49422      0.00000      0.00000      0.00000      0.00000
     -0.49305      0.00000      0.00000      0.00000      0.00000
     -0.49189      0.00000      0.00000      0.00000      0.00000
     -0.49072      0.00000      0.00000      0.00000      0.00000
     -0.48955      0.00000      0.00000      0.00000      0.00000
     -0.48838      0.00000      0.00000      0.00000      0.00000
     -0.48722      0.00000      0.00000      0.00000      0.00000
     -0.48605      0.00000      0.00000      0.00000      0.00000
     -0.48488      0.00000      0.00000      0.00000      0.00000
     -0.48371      0.00000      0.00000      0.00000      0.00000
     -0.48255      0.00000      0.00000      0.00000      0.00000
     -0.48138      0.00000      0.00000      0.00000      0.00000
     -0.48021      0.00000      0.00000      0.00000      0.00000
     -0.47904      0.00000      0.00000      0.00000      0.00000
     -0.47788      0.00000      0.00000      0.00000      0.00000
     -0.47671      0.00000      0.00000      0.00000      0.00000
     -0.47554      0.00000      0.00000      0.00000      0.00000
     -0.47437      0.00000      0.00000      0.00000      0.00000
     -0.47320      0.00000      0.00000      0.00000      0.00000
     -0.47204      0.00000      0.00000      0.00000      0.00000
     -0.47087      0.00000      0.00000      0.00000      0.00000
     -0.46970      0.00000      0.00000      0.00000      0.00000
     -0.46853      0.00000      0.00000      0.00000      0.00000
     -0.46737      0.00000      0.00000      0.00000      0.00000
     -0.46620      0.00000      0.00000      0.00000      0.00000
     -0.46503      0.00000      0.00000      0.00000      0.00000
     -0.46386      0.00000      0.00000      0.00000      0.00000
     -0.46270      0.00000      0.00000      0.00000      0.00000
     -0.46153      0.00000      0.00000      0.00000      0.00000
     -0.46036      0.00000      0.00000      0.00000      0.00000
     -0.45919      0.00000      0.00000      0.00000      0.00000
     -0.45803      0.00000      0.00000      0.00000      0.00000
     -0.45686      0.00000      0.00000      0.00000      0.00000
     -0.45569      0.00000      0.00000      0.00000      0.00000
     -0.45452      0.00000      0.00000      0.00000      0.00000
     -0.45335      0.00000      0.00000      0.00000      0.00000
     -0.45219      0.00000      0.00000      0.00000      0.00000
     -0.45102      0.00000      0.00000      0.00000      0.00000
     -0.44985      0.00000      0.00000      0.00000      0.00000
     -0.44868      0.00000      0.00000      0.00000      0.00000
     -0.44752      0.00000      0.00000      0.00000      0.00000
     -0.44635      0.00000      0.00000      0.00000      0.00000
     -0.44518      0.00000      0.00000      0.00000      0.00000
     -0.44401      0.00000      0.00000      0.00000      0.00000
     -0.44285      0.00000      0.00000      0.00000      0.00000
     -0.44168      0.00000      0.00000      0.00000      0.00000
     -0.44051      0.00000      0.00000      0.00000      0.00000
     -0.43934      0.00000      0.00000      0.00000      0.00000
     -0.43818      0.00000      0.00000      0.00000      0.00000
     -0.43701      0.00000      0.00000      0.00000      0.00000
     -0.43584      0.00000      0.00000      0.00000      0.00000
     -0.43467      0.00000      0.00000      0.00000      0.00000
     -0.43350      0.00000      0.00000      0.00000      0.00000
     -0.43234      0.00000      0.00000      0.00000      0.00000
     -0.43117      0.00000      0.00000      0.00000      0.00000
     -0.43000      0.00000      0.00000      0.00000      0.00000
     -0.42883      0.00000      0.00000      0.00000      0.00000
     -0.42767      0.00000      0.00000      0.00000      0.00000
     -0.42650      0.00000      0.00000      0.00000      0.00000
     -0.42533      0.00000      0.00000      0.00000      0.00000
     -0.42416      0.00000      0.00000      0.00000      0.00000
     -0.42300      0.00000      0.00000      0.00000      0.00000
     -0.42183      0.00000      0.00000      0.00000      0.00000
     -0.42066      0.00000      0.00000      0.00000      0.00000
     -0.41949      0.00000      0.00000      0.00000      0.00000
     -0.41833      0.00000      0.00000      0.00000      0.00000
     -0.41716      0.00000      0.00000      0.00000      0.00000
     -0.41599      0.00000      0.00000      0.00000      0.00000
     -0.41482      0.00000      0.00000      0.00000      0.00000
     -0.41365      0.00000      0.00000      0.00000      0.00000
     -0.41249      0.00000      0.00000      0.00000      0.00000
     -0.41132      0.00000      0.00000      0.00000      0.00000
     -0.41015      0.00000      0.00000      0.00000      0.00000
     -0.40898      0.00000      0.00000      0.00000      0.00000
     -0.40782      0.00000      0.00000      0.00000      0.00000
     -0.40665      0.00000      0.00000      0.00000      0.00000
     -0.40548      0.00000      0.00000      0.00000      0.00000
     -0.40431      0.00000      0.00000      0.00000      0.00000
     -0.40315      0.00000      0.00000      0.00000      0.00000
     -0.40198      0.00000      0.00000      0.00000      0.00000
     -0.40081      0.00000      0.00000      0.00000      0.00000
     -0.39964      0.00000      0.00000      0.00000      0.00000
     -0.39848      0.00000      0.00000      0.00000      0.00000
     -0.39731      0.00000      0.00000      0.00000      0.00000
     -0.39614      0.00000      0.00000      0.00000      0.00000
     -0.39497      0.00000      0.00000      0.00000      0.00000
     -0.39381      0.00000      0.00000      0.00000      0.00000
     -0.39264      0.00000      0.00000      0.00000      0.00000
     -0.39147      0.00000      0.00000      0.00000      0.00000
     -0.39030      0.00000      0.00000      0.00000      0.00000
     -0.38913      0.00000      0.00000      0.00000      0.00000
     -0.38797      0.00000      0.00000      0.00000      0.00000
     -0.38680      0.00000      0.00000      0.00000      0.00000
     -0.38563      0.00000      0.00000      0.00000      0.00000
     -0.38446      0.00000      0.00000      0.00000      0.00000
     -0.38330      0.00000      0.00000      0.00000      0.00000
     -0.38213      0.00000      0.00000      0.00000      0.00000
     -0.38096      0.00000      0.00000      0.00000      0.00000
     -0.37979      0.00000      0.00000      0.00000      0.00000
     -0.37863      0.00000      0.00000      0.00000      0.00000
     -0.37746      0.00000      0.00000      0.00000      0.00000
     -0.37629      0.00000      0.00000      0.00000      0.00000
     -0.37512      0.00000      0.00000      0.00000      0.00000
     -0.37396      0.00000      0.00000      0.00000      0.00000
     -0.37279      0.00000      0.00000      0.00000      0.00000
     -0.37162      0.00000      0.00000      0.00000      0.00000
     -0.37045      0.00000      0.00000      0.00000      0.00000
     -0.36928      0.00000      0.00000      0.00000      0.00000
     -0.36812      0.00000      0.00000      0.00000      0.00000
     -0.36695      0.00000      0.00000      0.00000      0.00000
     -0.36578      0.00000      0.00000      0.00000      0.00000
     -0.36461      0.00000      0.00000      0.00000      0.00000
     -0.36345      0.00000      0.00000      0.00000      0.00000
     -0.36228      0.00000      0.00000      0.00000      0.00000
     -0.36111      0.00000      0.00000      0.00000      0.00000
     -0.35994      0.00000      0.00000      0.00000      0.00000
     -0.35878      0.00000      0.00000      0.00000      0.00000
     -0.35761      0.00000      0.00000      0.00000      0.00000
     -0.35644      0.00000      0.00000      0.00000      0.00000
     -0.35527      0.00000      0.00000      0.00000      0.00000
     -0.35411      0.00000      0.00000      0.00000      0.00000
     -0.35294      0.00000      0.00000      0.00000      0.00000
     -0.35177      0.00000      0.00000      0.00000      0.00000
     -0.35060      0.00000      0.00000      0.00000      0.00000
     -0.34943      0.00000      0.00000      0.00000      0.00000
     -0.34827      0.00000      0.00000      0.00000      0.00000
     -0.34710      0.00000      0.00000      0.00000      0.00000
     -0.34593      0.00000      0.00000      0.00000      0.00000
     -0.34476      0.00000      0.00000      0.00000      0.00000
     -0.34360      0.00000      0.00000      0.00000      0.00000
     -0.34243      0.00000      0.00000      0.00000      0.00000
     -0.34126      0.00000      0.00000      0.00000      0.00000
     -0.34009      0.00000      0.00000      0.00000      0.00000
     -0.33893      0.00000      0.00000      0.00000      0.00000
     -0.33776      0.00000      0.00000      0.00000      0.00000
     -0.33659      0.00000      0.00000      0.00000      0.00000
     -0.33542      0.00000      0.00000      0.00000      0.00000
     -0.33426      0.00000      0.00000      0.00000      0.00000
     -0.33309      0.00000      0.00000      0.00000      0.00000
     -0.33192      0.00000      0.00000      0.00000      0.00000
     -0.33075      0.00000      0.00000      0.00000      0.00000
     -0.32958      0.00000      0.00000      0.00000      0.00000
     -0.32842      0.00000      0.00000      0.00000      0.00000
     -0.32725      0.00000      0.00000      0.00000      0.00000
     -0.32608      0.00000      0.00000      0.00000      0.00000
     -0.32491      0.00000      0.00000      0.00000      0.00000
     -0.32375      0.00000      0.00000      0.00000      0.00000
     -0.32258      0.00000      0.00000      0.00000      0.00000
     -0.32141      0.00000      0.00000      0.00000      0.00000
     -0.32024      0.00000      0.00000      0.00000      0.00000
     -0.31908      0.00000      0.00000      0.00000      0.00000
     -0.31791      0.00000      0.00000      0.00000      0.00000
     -0.31674      0.00000      0.00000      0.00000      0.00000
     -0.31557      0.00000      0.00000      0.00000      0.00000
     -0.31441      0.00000      0.00000      0.00000      0.00000
     -0.31324      0.00000      0.00000      0.00000      0.00000
     -0.31207      0.00000      0.00000      0.00000      0.00000
     -0.31090      0.00000      0.00000      0.00000      0.00000
     -0.30973      0.00000      0.00000      0.00000      0.00000
     -0.30857      0.00000      0.00000      0.00000      0.00000
     -0.30740      0.00000      0.00000      0.00000      0.00000
     -0.30623      0.00000      0.00000      0.00000      0.00000
     -0.30506      0.00000      0.00000      0.00000      0.00000
     -0.30390      0.00000      0.00000      0.00000      0.00000
     -0.30273      0.00000      0.00000      0.00000      0.00000
     -0.30156      0.00000      0.00000      0.00000      0.00000
     -0.30039      0.00000      0.00000      0.00000      0.00000
     -0.29923      0.00000      0.00000      0.00000      0.00000
     -0.29806      0.00000      0.00000      0.00000      0.00000
     -0.29689      0.00000      0.00000      0.00000      0.00000
     -0.29572      0.00000      0.00000      0.00000      0.00000
     -0.29456      0.00000      0.00000      0.00000      0.00000
     -0.29339      0.00000      0.00000      0.00000      0.00000
     -0.29222      0.00000      0.00000      0.00000      0.00000
     -0.29105      0.00000      0.00000      0.00000      0.00000
     -0.28989      0.00000      0.00000      0.00000      0.00000
     -0.28872      0.00000      0.00000      0.00000      0.00000
     -0.28755      0.00000      0.00000      0.00000      0.00000
     -0.28638      0.00000      0.00000      0.00000      0.00000
     -0.28521      0.00000      0.00000      0.00000      0.00000
     -0.28405      0.00000      0.00000      0.00000      0.00000
     -0.28288      0.00000      0.00000      0.00000      0.00000
     -0.28171      0.00000      0.00000      0.00000      0.00000
     -0.28054      0.00000      0.00000      0.00000      0.00000
     -0.27938      0.00000      0.00000      0.00000      0.00000
     -0.27821      0.00000      0.00000      0.00000      0.00000
     -0.27704      0.00128      0.00110      0.00008      0.00011
     -0.27587      0.00240      0.00206      0.00015      0.00020
     -0.27471      0.00436      0.00374      0.00027      0.00036
     -0.27354      0.00769      0.00659      0.00047      0.00063
     -0.27237      0.01316      0.01127      0.00081      0.00108
     -0.27120      0.02187      0.01873      0.00134      0.00180
     -0.27004      0.03529      0.03022      0.00217      0.00290
     -0.26887      0.05528      0.04735      0.00339      0.00454
     -0.26770      0.08408      0.07201      0.00516      0.00691
     -0.26653      0.12463      0.10664      0.00775      0.01023
     -0.26536      0.17888      0.15303      0.01117      0.01468
     -0.26420      0.24938      0.21327      0.01565      0.02046
     -0.26303      0.33770      0.28867      0.02134      0.02769
     -0.26186      0.44428      0.37956      0.02831      0.03641
     -0.26069      0.56794      0.48486      0.03657      0.04650
     -0.25953      0.70563      0.60185      0.04606      0.05772
     -0.25836      0.85385      0.72633      0.05787      0.06965
     -0.25719      1.00415      0.85217      0.07027      0.08171
     -0.25602      1.14977      0.97260      0.08393      0.09325
     -0.25486      1.28414      1.08129      0.09918      0.10367
     -0.25369      1.39907      1.17074      0.11607      0.11226
     -0.25252      1.49335      1.23871      0.13582      0.11882
     -0.25135      1.56145      1.27975      0.15886      0.12285
     -0.25019      1.60673      1.29538      0.18682      0.12453
     -0.24902      1.63442      1.28879      0.22142      0.12422
     -0.24785      1.65283      1.26576      0.26456      0.12252
     -0.24668      1.67247      1.23408      0.31813      0.12026
     -0.24551      1.70691      1.20342      0.38498      0.11851
     -0.24435      1.76547      1.18259      0.46477      0.11811
     -0.24318      1.85983      1.18116      0.55858      0.12009
     -0.24201      1.99844      1.20727      0.66586      0.12531
     -0.24084      2.18750      1.26786      0.78516      0.13448
     -0.23968      2.42756      1.36630      0.91331      0.14795
     -0.23851      2.71656      1.50404      1.04669      0.16584
     -0.23734      3.04766      1.67885      1.18091      0.18790
     -0.23617      3.40987      1.88491      1.31148      0.21349
     -0.23501      3.78869      2.11278      1.43429      0.24163
     -0.23384      4.16709      2.34996      1.54614      0.27099
     -0.23267      4.52828      2.58306      1.64506      0.30016
     -0.23150      4.85298      2.79523      1.73033      0.32742
     -0.23034      5.12667      2.97295      1.80240      0.35132
     -0.22917      5.33228      3.10008      1.86204      0.37016
     -0.22800      5.47615      3.18073      1.91127      0.38415
     -0.22683      5.54724      3.20491      1.95022      0.39212
     -0.22566      5.54837      3.17570      1.97857      0.39410
     -0.22450      5.48585      3.10055      1.99476      0.39054
     -0.22333      5.36831      2.99004      1.99610      0.38216
     -0.22216      5.20545      2.85633      1.97923      0.36989
     -0.22099      5.00692      2.71148      1.94076      0.35468
     -0.21983      4.78159      2.56603      1.87810      0.33746
     -0.21866      4.53464      2.42613      1.78963      0.31887
     -0.21749      4.27824      2.30093      1.67736      0.29995
     -0.21632      4.01345      2.18917      1.54338      0.28091
     -0.21516      3.74433      2.08981      1.39246      0.26207
     -0.21399      3.47393      1.99962      1.23072      0.24359
     -0.21282      3.20444      1.91397      1.06494      0.22553
     -0.21165      2.93736      1.82774      0.90175      0.20787
     -0.21049      2.67089      1.73574      0.74471      0.19044
     -0.20932      2.41254      1.63501      0.60421      0.17333
     -0.20815      2.15969      1.52282      0.48038      0.15649
     -0.20698      1.90751      1.39511      0.37302      0.13938
     -0.20582      1.67013      1.26147      0.28550      0.12316
     -0.20465      1.43534      1.11390      0.21463      0.10681
     -0.20348      1.22575      0.97074      0.16280      0.09220
     -0.20231      1.03265      0.82781      0.12616      0.07867
     -0.20114      0.86173      0.69081      0.10411      0.06680
     -0.19998      0.71801      0.56471      0.09617      0.05713
     -0.19881      0.60727      0.45458      0.10243      0.05027
     -0.19764      0.52414      0.35946      0.11861      0.04607
     -0.19647      0.49173      0.28746      0.15794      0.04632
     -0.19531      0.49963      0.23527      0.21383      0.05053
     -0.19414      0.54971      0.20278      0.28792      0.05901
     -0.19297      0.63704      0.18598      0.37952      0.07153
     -0.19180      0.77265      0.19154      0.49226      0.08885
     -0.19064      0.94448      0.21282      0.62161      0.11005
     -0.18947      1.14692      0.24855      0.76387      0.13450
     -0.18830      1.37187      0.29732      0.91331      0.16125
     -0.18713      1.60905      0.35754      1.06244      0.18906
     -0.18597      1.84643      0.42740      1.20257      0.21646
     -0.18480      2.06783      0.50170      1.32449      0.24163
     -0.18363      2.26864      0.58518      1.41982      0.26364
     -0.18246      2.43180      0.66967      1.48144      0.28069
     -0.18129      2.54813      0.75168      1.50474      0.29172
     -0.18013      2.61293      0.82729      1.48932      0.29632
     -0.17896      2.62130      0.89197      1.43532      0.29401
     -0.17779      2.57497      0.94158      1.34812      0.28527
     -0.17662      2.47830      0.97240      1.23500      0.27089
     -0.17546      2.33879      0.98178      1.10494      0.25206
     -0.17429      2.16643      0.96847      0.96771      0.23024
     -0.17312      1.97303      0.93292      0.83304      0.20707
     -0.17195      1.77141      0.87735      0.70984      0.18422
     -0.17079      1.57458      0.80554      0.60570      0.16333
     -0.16962      1.39485      0.72247      0.52651      0.14588
     -0.16845      1.24379      0.63399      0.47659      0.13321
     -0.16728      1.12926      0.54535      0.45781      0.12610
     -0.16612      1.05729      0.46172      0.47043      0.12514
     -0.16495      1.03032      0.38710      0.51278      0.13044
     -0.16378      1.04741      0.32416      0.58160      0.14166
     -0.16261      1.10323      0.27420      0.67111      0.15792
     -0.16144      1.19021      0.23730      0.77487      0.17804
     -0.16028      1.29126      0.21148      0.88013      0.19965
     -0.15911      1.41059      0.19776      0.98984      0.22299
     -0.15794      1.52607      0.19262      1.08845      0.24500
     -0.15677      1.62845      0.19437      1.16972      0.26436
     -0.15561      1.70851      0.20128      1.22746      0.27977
     -0.15444      1.76842      0.21269      1.26415      0.29158
     -0.15327      1.80511      0.22735      1.27825      0.29951
     -0.15210      1.82161      0.24463      1.27291      0.30407
     -0.15094      1.82158      0.26130      1.25395      0.30633
     -0.14977      1.81898      0.28245      1.22837      0.30815
     -0.14860      1.81589      0.30307      1.20248      0.31035
     -0.14743      1.81835      0.32206      1.18207      0.31422
     -0.14627      1.82992      0.33810      1.17113      0.32069
     -0.14510      1.85201      0.34987      1.17161      0.33052
     -0.14393      1.88315      0.35627      1.18320      0.34368
     -0.14276      1.92091      0.35667      1.20395      0.36028
     -0.14159      1.96200      0.35107      1.23075      0.38018
     -0.14043      2.00327      0.34016      1.25994      0.40317
     -0.13926      2.04228      0.32525      1.28800      0.42903
     -0.13809      2.07779      0.30810      1.31196      0.45773
     -0.13692      2.10919      0.29063      1.32966      0.48890
     -0.13576      2.13706      0.27463      1.33996      0.52247
     -0.13459      2.16128      0.26144      1.34197      0.55787
     -0.13342      2.18181      0.25183      1.33555      0.59444
     -0.13225      2.19213      0.24541      1.31634      0.63038
     -0.13109      2.20348      0.24250      1.29461      0.66638
     -0.12992      2.20370      0.24126      1.26312      0.69931
     -0.12875      2.18957      0.24024      1.22191      0.72742
     -0.12758      2.15791      0.23793      1.17100      0.74898
     -0.12642      2.10629      0.23300      1.11073      0.76256
     -0.12525      2.03379      0.22457      1.04200      0.76722
     -0.12408      1.94142      0.21227      0.96641      0.76275
     -0.12291      1.83221      0.19625      0.88626      0.74969
     -0.12174      1.71097      0.17719      0.80443      0.72935
     -0.12058      1.57996      0.15466      0.72246      0.70284
     -0.11941      1.45386      0.13324      0.64663      0.67399
     -0.11824      1.33323      0.11181      0.57770      0.64371
     -0.11707      1.22212      0.09149      0.51689      0.61375
     -0.11591      1.12209      0.07309      0.46388      0.58512
     -0.11474      1.03652      0.05713      0.42096      0.55843
     -0.11357      0.96078      0.04376      0.38408      0.53294
     -0.11240      0.89610      0.03306      0.35457      0.50848
     -0.11124      0.83539      0.02469      0.32783      0.48287
     -0.11007      0.77892      0.01835      0.30416      0.45642
     -0.10890      0.72187      0.01363      0.28094      0.42730
     -0.10773      0.66276      0.01018      0.25745      0.39513
     -0.10657      0.60121      0.00766      0.23347      0.36008
     -0.10540      0.53555      0.00578      0.20752      0.32225
     -0.10423      0.47211      0.00370      0.18441      0.28399
     -0.10306      0.40985      0.00299      0.16164      0.24522
     -0.10190      0.34983      0.00217      0.14020      0.20746
     -0.10073      0.29759      0.00173      0.12218      0.17368
     -0.09956      0.25067      0.00134      0.10634      0.14299
     -0.09839      0.20978      0.00101      0.09276      0.11600
     -0.09722      0.17437      0.00074      0.08110      0.09253
     -0.09606      0.14548      0.00052      0.07142      0.07354
     -0.09489      0.12138      0.00036      0.06303      0.05799
     -0.09372      0.10125      0.00024      0.05555      0.04546
     -0.09255      0.08430      0.00016      0.04868      0.03546
     -0.09139      0.06986      0.00010      0.04223      0.02753
     -0.09022      0.05705      0.00006      0.03611      0.02089
     -0.08905      0.04646      0.00004      0.03035      0.01607
     -0.08788      0.03564     -0.00000      0.02400      0.01164
     -0.08672      0.02842     -0.00000      0.01958      0.00884
     -0.08555      0.02212     -0.00000      0.01554      0.00658
     -0.08438      0.01640     -0.00000      0.01200      0.00440
     -0.08321      0.01221     -0.00000      0.00901      0.00319
     -0.08205      0.00884     -0.00000      0.00658      0.00225
     -0.08088      0.00622     -0.00000      0.00468      0.00154
     -0.07971      0.00426     -0.00000      0.00324      0.00103
     -0.07854      0.00284     -0.00000      0.00218      0.00066
     -0.07737      0.00184     -0.00000      0.00143      0.00042
     -0.07621      0.00116     -0.00000      0.00091      0.00025
     -0.07504      0.00071     -0.00000      0.00056      0.00015
     -0.07387      0.00019     -0.00000      0.00019      0.00000
     -0.07270      0.00011     -0.00000      0.00011      0.00000
     -0.07154      0.00007     -0.00000      0.00007      0.00000
     -0.07037      0.00000      0.00000      0.00000      0.00000
     -0.06920      0.00000      0.00000      0.00000      0.00000
     -0.06803      0.00000      0.00000      0.00000      0.00000
     -0.06687      0.00000      0.00000      0.00000      0.00000
     -0.06570      0.00000      0.00000      0.00000      0.00000
     -0.06453      0.00000      0.00000      0.00000      0.00000
     -0.06336      0.00000      0.00000      0.00000      0.00000
     -0.06220      0.00000      0.00000      0.00000      0.00000
     -0.06103      0.00000      0.00000      0.00000      0.00000
     -0.05986      0.00000      0.00000      0.00000      0.00000
     -0.05869      0.00000      0.00000      0.00000      0.00000
     -0.05752      0.00000      0.00000      0.00000      0.00000
     -0.05636      0.00000      0.00000      0.00000      0.00000
     -0.05519      0.00000      0.00000      0.00000      0.00000
     -0.05402      0.00000      0.00000      0.00000      0.00000
     -0.05285      0.00000      0.00000      0.00000      0.00000
     -0.05169      0.00000      0.00000      0.00000      0.00000
     -0.05052      0.00000      0.00000      0.00000      0.00000
     -0.04935      0.00000      0.00000      0.00000      0.00000
     -0.04818      0.00000      0.00000      0.00000      0.00000
     -0.04702      0.00000      0.00000      0.00000      0.00000
     -0.04585      0.00000      0.00000      0.00000      0.00000
     -0.04468      0.00000      0.00000      0.00000      0.00000
     -0.04351      0.00000      0.00000      0.00000      0.00000
     -0.04235      0.00000      0.00000      0.00000      0.00000
     -0.04118      0.00000      0.00000      0.00000      0.00000
     -0.04001      0.00000      0.00000      0.00000      0.00000
     -0.03884      0.00000      0.00000      0.00000      0.00000
     -0.03767      0.00000      0.00000      0.00000      0.00000
     -0.03651      0.00000      0.00000      0.00000      0.00000
     -0.03534      0.00000      0.00000      0.00000      0.00000
     -0.03417      0.00000      0.00000      0.00000      0.00000
     -0.03300      0.00000      0.00000      0.00000      0.00000
     -0.03184      0.00000      0.00000      0.00000      0.00000
     -0.03067      0.00000      0.00000      0.00000      0.00000
     -0.02950      0.00000      0.00000      0.00000      0.00000
     -0.02833      0.00000      0.00000      0.00000      0.00000
     -0.02717      0.00000      0.00000      0.00000      0.00000
     -0.02600      0.00000      0.00000      0.00000      0.00000
     -0.02483      0.00000      0.00000      0.00000      0.00000
     -0.02366      0.00000      0.00000      0.00000      0.00000
     -0.02250      0.00000      0.00000      0.00000      0.00000
     -0.02133      0.00000      0.00000      0.00000      0.00000
     -0.02016      0.00000      0.00000      0.00000      0.00000
     -0.01899      0.00000      0.00000      0.00000      0.00000
     -0.01783      0.00000      0.00000      0.00000      0.00000
     -0.01666      0.00000      0.00000      0.00000      0.00000
     -0.01549      0.00000      0.00000      0.00000      0.00000
     -0.01432      0.00000      0.00000      0.00000      0.00000
     -0.01315      0.00000      0.00000      0.00000      0.00000
     -0.01199      0.00000      0.00000      0.00000      0.00000
     -0.01082      0.00000      0.00000      0.00000      0.00000
     -0.00965      0.00000      0.00000      0.00000      0.00000
     -0.00848      0.00000      0.00000      0.00000      0.00000
     -0.00732      0.00000      0.00000      0.00000      0.00000
     -0.00615      0.00000      0.00000      0.00000      0.00000
     -0.00498      0.00000      0.00000      0.00000      0.00000
     -0.00381      0.00000      0.00000      0.00000      0.00000
     -0.00265      0.00000      0.00000      0.00000      0.00000
     -0.00148      0.00000      0.00000      0.00000      0.00000
     -0.00031      0.00000      0.00000      0.00000      0.00000
      0.00086      0.00000      0.00000      0.00000      0.00000
      0.00202      0.00000      0.00000      0.00000      0.00000
      0.00319      0.00000      0.00000      0.00000      0.00000
      0.00436      0.00000      0.00000      0.00000      0.00000
      0.00553      0.00000      0.00000      0.00000      0.00000
      0.00670      0.00000      0.00000      0.00000      0.00000
      0.00786      0.00000      0.00000      0.00000      0.00000
      0.00903      0.00000      0.00000      0.00000      0.00000
      0.01020      0.00000      0.00000      0.00000      0.00000
      0.01137      0.00000      0.00000      0.00000      0.00000
      0.01253      0.00000      0.00000      0.00000      0.00000
      0.01370      0.00000      0.00000      0.00000      0.00000
      0.01487      0.00000      0.00000      0.00000      0.00000
      0.01604      0.00000      0.00000      0.00000      0.00000
      0.01720      0.00000      0.00000      0.00000      0.00000
      0.01837      0.00000      0.00000      0.00000      0.00000
      0.01954      0.00000      0.00000      0.00000      0.00000
      0.02071      0.00000      0.00000      0.00000      0.00000
      0.02187      0.00000      0.00000      0.00000      0.00000
      0.02304      0.00000      0.00000      0.00000      0.00000
      0.02421      0.00000      0.00000      0.00000      0.00000
      0.02538      0.00000      0.00000      0.00000      0.00000
      0.02655      0.00000      0.00000      0.00000      0.00000
      0.02771      0.00000      0.00000      0.00000      0.00000
      0.02888      0.00000      0.00000      0.00000      0.00000
      0.03005      0.00000      0.00000      0.00000      0.00000
      0.03122      0.00000      0.00000      0.00000      0.00000
      0.03238      0.00000      0.00000      0.00000      0.00000
      0.03355      0.00000      0.00000      0.00000      0.00000
      0.03472      0.00000      0.00000      0.00000      0.00000
      0.03589      0.00000      0.00000      0.00000      0.00000
      0.03705      0.00000      0.00000      0.00000      0.00000
      0.03822      0.00000      0.00000      0.00000      0.00000
      0.03939      0.00000      0.00000      0.00000      0.00000
      0.04056      0.00000      0.00000      0.00000      0.00000
      0.04172      0.00000      0.00000      0.00000      0.00000
      0.04289      0.00000      0.00000      0.00000      0.00000
      0.04406      0.00000      0.00000      0.00000      0.00000
      0.04523      0.00000      0.00000      0.00000      0.00000
      0.04640      0.00000      0.00000      0.00000      0.00000
      0.04756      0.00000      0.00000      0.00000      0.00000
      0.04873      0.00000      0.00000      0.00000      0.00000
      0.04990      0.00000      0.00000      0.00000      0.00000
      0.05107      0.00000      0.00000      0.00000      0.00000
      0.05223      0.00000      0.00000      0.00000      0.00000
      0.05340      0.00000      0.00000      0.00000      0.00000
      0.05457      0.00000      0.00000      0.00000      0.00000
      0.05574      0.00000      0.00000      0.00000      0.00000
      0.05690      0.00000      0.00000      0.00000      0.00000
      0.05807      0.00000      0.00000      0.00000      0.00000
      0.05924      0.00000      0.00000      0.00000      0.00000
      0.06041      0.00000      0.00000      0.00000      0.00000
      0.06157      0.00000      0.00000      0.00000      0.00000
      0.06274      0.00000      0.00000      0.00000      0.00000
      0.06391      0.00000      0.00000      0.00000      0.00000
      0.06508      0.00000      0.00000      0.00000      0.00000
      0.06625      0.00000      0.00000      0.00000      0.00000
      0.06741      0.00021      0.00021      0.00000      0.00000
      0.06858      0.00039      0.00039      0.00000      0.00000
      0.06975      0.00070      0.00070      0.00000      0.00000
      0.07092      0.00124      0.00124      0.00000      0.00000
      0.07208      0.00211      0.00211      0.00000      0.00000
      0.07325      0.00351      0.00351      0.00000      0.00000
      0.07442      0.00565      0.00565      0.00000      0.00000
      0.07559      0.00883      0.00883      0.00000      0.00000
      0.07675      0.01340      0.01340      0.00000      0.00000
      0.07792      0.01975      0.01975      0.00000      0.00000
      0.07909      0.02826      0.02826      0.00000      0.00000
      0.08026      0.03927      0.03927      0.00000      0.00000
      0.08142      0.05297      0.05297      0.00000      0.00000
      0.08259      0.06937      0.06937      0.00000      0.00000
      0.08376      0.08821      0.08821      0.00000      0.00000
      0.08493      0.10890      0.10890      0.00000      0.00000
      0.08609      0.13053      0.13053      0.00000      0.00000
      0.08726      0.15191      0.15191      0.00000      0.00000
      0.08843      0.17164      0.17164      0.00000      0.00000
      0.08960      0.18828      0.18828      0.00000      0.00000
      0.09077      0.20054      0.20054      0.00000      0.00000
      0.09193      0.20737      0.20737      0.00000      0.00000
      0.09310      0.20820      0.20820      0.00000      0.00000
      0.09427      0.20295      0.20295      0.00000      0.00000
      0.09544      0.19207      0.19207      0.00000      0.00000
      0.09660      0.17649      0.17649      0.00000      0.00000
      0.09777      0.15745      0.15745      0.00000      0.00000
      0.09894      0.13638      0.13638      0.00000      0.00000
      0.10011      0.11679      0.11670      0.00009      0.00000
      0.10127      0.09751      0.09734      0.00016      0.00000
      0.10244      0.08114      0.08084      0.00029      0.00001
      0.10361      0.06911      0.06860      0.00050      0.00001
      0.10478      0.06287      0.06200      0.00085      0.00002
      0.10594      0.06396      0.06255      0.00139      0.00003
      0.10711      0.07419      0.07194      0.00221      0.00004
      0.10828      0.09566      0.09219      0.00340      0.00007
      0.10945      0.13074      0.12555      0.00509      0.00010
      0.11062      0.18197      0.17443      0.00740      0.00014
      0.11178      0.25170      0.24107      0.01044      0.00020
      0.11295      0.34172      0.32715      0.01429      0.00028
      0.11412      0.45265      0.43327      0.01901      0.00037
      0.11529      0.58261      0.55759      0.02455      0.00048
      0.11645      0.73036      0.69899      0.03077      0.00060
      0.11762      0.88894      0.85076      0.03745      0.00073
      0.11879      1.05047      1.00536      0.04426      0.00086
      0.11996      1.20523      1.15347      0.05078      0.00099
      0.12112      1.34255      1.28489      0.05656      0.00110
      0.12229      1.45199      1.38963      0.06117      0.00119
      0.12346      1.52466      1.45917      0.06424      0.00125
      0.12463      1.55437      1.48761      0.06549      0.00127
      0.12579      1.53855      1.47247      0.06482      0.00126
      0.12696      1.47857      1.41507      0.06229      0.00121
      0.12813      1.37959      1.32033      0.05812      0.00113
      0.12930      1.24977      1.19609      0.05265      0.00102
      0.13047      1.09922      1.05201      0.04631      0.00090
      0.13163      0.93867      0.89836      0.03955      0.00077
      0.13280      0.77825      0.74482      0.03279      0.00064
      0.13397      0.62646      0.59956      0.02639      0.00051
      0.13514      0.48961      0.46858      0.02063      0.00040
      0.13630      0.37151      0.35556      0.01565      0.00030
      0.13747      0.27370      0.26195      0.01153      0.00022
      0.13864      0.19577      0.18736      0.00825      0.00016
      0.13981      0.13596      0.13012      0.00573      0.00011
      0.14097      0.09167      0.08773      0.00386      0.00007
      0.14214      0.06001      0.05743      0.00253      0.00005
      0.14331      0.03814      0.03650      0.00161      0.00003
      0.14448      0.02354      0.02253      0.00099      0.00002
      0.14564      0.01410      0.01350      0.00059      0.00001
      0.14681      0.00820      0.00785      0.00035      0.00001
      0.14798      0.00000      0.00000      0.00000      0.00000
      0.14915      0.00000      0.00000      0.00000      0.00000
      0.15032      0.00000      0.00000      0.00000      0.00000
      0.15148      0.00000      0.00000      0.00000      0.00000
      0.15265      0.00000      0.00000      0.00000      0.00000
      0.15382      0.00000      0.00000      0.00000      0.00000
      0.15499      0.00000      0.00000      0.00000      0.00000
      0.15615      0.00000      0.00000      0.00000      0.00000
      0.15732      0.00000      0.00000      0.00000      0.00000
      0.15849      0.00658      0.00577      0.00076      0.00005
      0.15966      0.01207      0.01059      0.00139      0.00009
      0.16082      0.02148      0.01884      0.00248      0.00016
      0.16199      0.03712      0.03256      0.00429      0.00027
      0.16316      0.06228      0.05463      0.00719      0.00046
      0.16433      0.10145      0.08899      0.01172      0.00075
      0.16549      0.16045      0.14074      0.01854      0.00118
      0.16666      0.24638      0.21611      0.02846      0.00181
      0.16783      0.36732      0.32219      0.04243      0.00270
      0.16900      0.53169      0.46636      0.06142      0.00390
      0.17016      0.74721      0.65541      0.08632      0.00549
      0.17133      1.01954      0.89428      0.11778      0.00749
      0.17250      1.35064      1.18470      0.15603      0.00992
      0.17367      1.73720      1.52376      0.20068      0.01276
      0.17484      2.16938      1.90284      0.25061      0.01593
      0.17600      2.63023      2.30707      0.30384      0.01932
      0.17717      3.09619      2.71578      0.35767      0.02274
      0.17834      3.53863      3.10386      0.40878      0.02599
      0.17951      3.92660      3.44416      0.45360      0.02884
      0.18067      4.23032      3.71057      0.48869      0.03107
      0.18184      4.42490      3.88124      0.51117      0.03249
      0.18301      4.49375      3.94163      0.51912      0.03300
      0.18418      4.43087      3.88647      0.51185      0.03254
      0.18534      4.24173      3.72057      0.49000      0.03115
      0.18651      3.94250      3.45811      0.45544      0.02895
      0.18768      3.55774      3.12062      0.41099      0.02613
      0.18885      3.11710      2.73412      0.36009      0.02289
      0.19001      2.65157      2.32579      0.30631      0.01947
      0.19118      2.18992      1.92086      0.25298      0.01608
      0.19235      1.75602      1.54027      0.20286      0.01290
      0.19352      1.37341      1.20359      0.15974      0.01008
      0.19469      1.04494      0.91458      0.12270      0.00765
      0.19585      0.77902      0.67979      0.09354      0.00569
      0.19702      0.57616      0.49927      0.07271      0.00417
      0.19819      0.43406      0.37047      0.06050      0.00309
      0.19936      0.34952      0.28982      0.05729      0.00241
      0.20052      0.31989      0.25401      0.06379      0.00210
      0.20169      0.34566      0.26156      0.08196      0.00214
      0.20286      0.42614      0.31127      0.11233      0.00254
      0.20403      0.56521      0.40454      0.15739      0.00328
      0.20519      0.76692      0.54327      0.21926      0.00440
      0.20636      1.02248      0.71829      0.29838      0.00581
      0.20753      1.36368      0.95649      0.39945      0.00774
      0.20870      1.76745      1.23729      0.52015      0.01001
      0.20986      2.22666      1.55501      0.65908      0.01257
      0.21103      2.72741      1.89903      0.81302      0.01535
      0.21220      3.24922      2.25403      0.97698      0.01821
      0.21337      3.76631      2.60089      1.14442      0.02100
      0.21454      4.24982      2.91845      1.30782      0.02355
      0.21570      4.67079      3.18575      1.45935      0.02569
      0.21687      5.00343      3.38448      1.59169      0.02726
      0.21804      5.22806      3.50127      1.69862      0.02816
      0.21921      5.33325      3.52928      1.77562      0.02834
      0.22037      5.31672      3.46888      1.82003      0.02781
      0.22154      5.18505      3.32737      1.83107      0.02661
      0.22271      4.95210      3.11764      1.80959      0.02487
      0.22388      4.63679      2.85632      1.75775      0.02272
      0.22504      4.26059      2.56160      1.67869      0.02030
      0.22621      3.84515      2.25118      1.57620      0.01777
      0.22738      3.41053      1.94067      1.45461      0.01525
      0.22855      2.97406      1.64261      1.31860      0.01285
      0.22971      2.54988      1.36609      1.17316      0.01063
      0.23088      2.14890      1.11684      1.02341      0.00865
      0.23205      1.78404      0.90199      0.87504      0.00701
      0.23322      1.45506      0.71733      0.73212      0.00561
      0.23439      1.16895      0.56516      0.59928      0.00451
      0.23555      0.92882      0.44509      0.48000      0.00373
      0.23672      0.73694      0.35685      0.37678      0.00330
      0.23789      0.59520      0.30081      0.29112      0.00327
      0.23906      0.50562      0.27833      0.22359      0.00370
      0.24022      0.47071      0.29201      0.17400      0.00470
      0.24139      0.48028      0.33617      0.13779      0.00631
      0.24256      0.57100      0.43871      0.12342      0.00886
      0.24373      0.72466      0.58889      0.12340      0.01237
      0.24489      0.94527      0.79150      0.13683      0.01695
      0.24606      1.23409      1.04887      0.16255      0.02267
      0.24723      1.58815      1.35955      0.19909      0.02951
      0.24840      1.99887      1.71700      0.24453      0.03734
      0.24956      2.45114      2.10678      0.29835      0.04601
      0.25073      2.93140      2.51634      0.36004      0.05503
      0.25190      3.40637      2.91831      0.42412      0.06395
      0.25307      3.84764      3.28644      0.48897      0.07223
      0.25424      4.22795      3.59483      0.55376      0.07937
      0.25540      4.52274      3.81873      0.61911      0.08490
      0.25657      4.71709      3.94091      0.68764      0.08854
      0.25774      4.80686      3.95239      0.76426      0.09021
      0.25891      4.80049      3.85429      0.85614      0.09007
      0.26007      4.72936      3.66405      0.97659      0.08873
      0.26124      4.61049      3.39424      1.12979      0.08646
      0.26241      4.48707      3.07540      1.32757      0.08409
      0.26358      4.39757      2.73816      1.57706      0.08235
      0.26474      4.37655      2.41328      1.88139      0.08187
      0.26591      4.45045      2.12889      2.23838      0.08318
      0.26708      4.63498      1.90848      2.63992      0.08658
      0.26825      4.93425      1.76981      3.07225      0.09219
      0.26941      5.34824      1.73074      3.51750      0.10000
      0.27058      5.85499      1.79035      3.95492      0.10973
      0.27175      6.43973      1.95410      4.36451      0.12112
      0.27292      7.08284      2.22013      4.72884      0.13387
      0.27408      7.76545      2.58270      5.03508      0.14766
      0.27525      8.47028      3.03221      5.27589      0.16218
      0.27642      9.18118      3.55501      5.44910      0.17707
      0.27759      9.88177      4.13341      5.55644      0.19193
      0.27876     10.55375      4.74595      5.60157      0.20622
      0.27992     11.15905      5.35385      5.58618      0.21903
      0.28109     11.71436      5.96654      5.51744      0.23038
      0.28226     12.16644      6.53495      5.39248      0.23901
      0.28343     12.49172      7.03694      5.21053      0.24425
      0.28459     12.67020      7.45382      4.97081      0.24557
      0.28576     12.68840      7.77146      4.67424      0.24269
      0.28693     12.54124      7.98063      4.32501      0.23560
      0.28810     12.23251      8.07649      3.93139      0.22462
      0.28926     11.77388      8.05786      3.50568      0.21034
      0.29043     11.18299      7.92628      3.06321      0.19350
      0.29160     10.48115      7.68548      2.62068      0.17499
      0.29277      9.69130      7.34141      2.19425      0.15565
      0.29393      8.83668      6.90264      1.79779      0.13625
      0.29510      7.94015      6.38109      1.44162      0.11744
      0.29627      7.02412      5.79250      1.13193      0.09969
      0.29744      6.09819      5.15515      0.85993      0.08311
      0.29861      5.21402      4.49449      0.65106      0.06848
      0.29977      4.37131      3.83242      0.48340      0.05549
      0.30094      3.58898      3.19241      0.35239      0.04419
      0.30211      2.88008      2.59307      0.25247      0.03453
      0.30328      2.26016      2.05577      0.17792      0.02647
      0.30444      1.73472      1.58815      0.12640      0.02017
      0.30561      1.29966      1.19463      0.08988      0.01515
      0.30678      0.95330      0.87493      0.06689      0.01148
      0.30795      0.65932      0.60730      0.04354      0.00847
      0.30911      0.48195      0.42519      0.04904      0.00772
      0.31028      0.36425      0.29159      0.06440      0.00826
      0.31145      0.30154      0.19828      0.09292      0.01035
      0.31262      0.29053      0.13729      0.13889      0.01435
      0.31378      0.33006      0.10172      0.20763      0.02072
      0.31495      0.42121      0.08602      0.30518      0.03000
      0.31612      0.56666      0.08607      0.43782      0.04278
      0.31729      0.75429      0.08438      0.61050      0.05940
      0.31846      1.03297      0.12228      0.82992      0.08077
      0.31962      1.36623      0.16540      1.09432      0.10651
      0.32079      1.75712      0.21935      1.40136      0.13641
      0.32196      2.19882      0.28609      1.74303      0.16969
      0.32313      2.67952      0.36832      2.10611      0.20509
      0.32429      3.18356      0.46994      2.47275      0.24086
      0.32546      3.69349      0.59657      2.82192      0.27500
      0.32663      4.19302      0.75599      3.13166      0.30537
      0.32780      4.67012      0.95828      3.38179      0.33004
      0.32896      5.11974      1.21554      3.55668      0.34753
      0.33013      5.54520      1.54077      3.64745      0.35699
      0.33130      5.95776      1.94613      3.65327      0.35836
      0.33247      6.37401      2.44031      3.58132      0.35237
      0.33363      6.81141      3.02559      3.44546      0.34036
      0.33480      7.28277      3.69489      3.26381      0.32408
      0.33597      7.79075      4.42958      3.05580      0.30537
      0.33714      8.32381      5.19872      2.83920      0.28589
      0.33831      8.85481      5.96015      2.62775      0.26690
      0.33947      9.34279      6.66386      2.42982      0.24911
      0.34064      9.73797      7.25711      2.24818      0.23267
      0.34181      9.98919      7.69089      2.08098      0.21732
      0.34298     10.05225      7.92643      1.92333      0.20250
      0.34414      9.89758      7.94073      1.76927      0.18758
      0.34531      9.51564      7.72998      1.61361      0.17205
      0.34648      8.91899      7.31015      1.45320      0.15565
      0.34765      8.14068      6.71473      1.28757      0.13838
      0.34881      7.22947      5.99009      1.11882      0.12056
      0.34998      6.24290      5.18923      0.95100      0.10267
      0.35115      5.23975      4.36526      0.78917      0.08532
      0.35232      4.25414      3.56351      0.62303      0.06759
      0.35348      3.37459      2.82675      0.49422      0.05362
      0.35465      2.59943      2.17706      0.38063      0.04174
      0.35582      1.94423      1.62790      0.28462      0.03171
      0.35699      1.41722      1.18601      0.20719      0.02401
      0.35815      1.00611      0.84081      0.14669      0.01862
      0.35932      0.70134      0.58413      0.10157      0.01564
      0.36049      0.48821      0.40344      0.06955      0.01522
      0.36166      0.35239      0.28637      0.04839      0.01763
      0.36283      0.28808      0.22774      0.03658      0.02376
      0.36399      0.28014      0.21427      0.03215      0.03371
      0.36516      0.32933      0.24617      0.03456      0.04859
      0.36633      0.40027      0.29334      0.03812      0.06881
      0.36750      0.59446      0.43769      0.05719      0.09957
      0.36866      0.85561      0.63515      0.08280      0.13765
      0.36983      1.20697      0.89796      0.12133      0.18768
      0.37100      1.65159      1.23425      0.16871      0.24863
      0.37217      2.20399      1.65147      0.22951      0.32301
      0.37333      2.87020      2.15174      0.30597      0.41248
      0.37450      3.65048      2.73084      0.40053      0.51911
      0.37567      4.53857      3.37704      0.51593      0.64559
      0.37684      5.52157      4.07069      0.65542      0.79547
      0.37800      6.58078      4.78473      0.82286      0.97319
      0.37917      7.69310      5.48639      1.02280      1.18390
      0.38034      8.83277      6.13972      1.26023      1.43282
      0.38151      9.97311      6.70887      1.54004      1.72421
      0.38268     11.08763      7.16159      1.86599      2.06005
      0.38384     12.15039      7.47250      2.23943      2.43846
      0.38501     13.13553      7.62556      2.65766      2.85230
      0.38618     14.01627      7.61546      3.11252      3.28829
      0.38735     14.76395      7.44773      3.58936      3.72686
      0.38851     15.34939      7.13852      4.06742      4.14345
      0.38968     15.74856      6.71328      4.52379      4.51149
      0.39085     15.92060      6.19619      4.92328      4.80113
      0.39202     15.84821      5.62008      5.23915      4.98898
      0.39318     15.52012      5.01579      5.44661      5.05773
      0.39435     14.94109      4.41220      5.52911      4.99978
      0.39552     14.13533      3.83505      5.48156      4.81872
      0.39669     13.14757      3.30632      5.31199      4.52926
      0.39785     12.04122      2.84422      5.04143      4.15557
      0.39902     10.89352      2.46332      4.70180      3.72841
      0.40019      9.78827      2.17465      4.33221      3.28140
      0.40136      8.80695      1.98561      3.97413      2.84720
      0.40253      8.02302      1.89981      3.66749      2.45572
      0.40369      7.48547      1.91547      3.44170      2.12830
      0.40486      7.20289      2.01080      3.31526      1.87683
      0.40603      7.21559      2.20944      3.29940      1.70675
      0.40720      7.46521      2.46759      3.38314      1.61448
      0.40836      7.89868      2.76156      3.54641      1.59071
      0.40953      8.45123      3.06344      3.76464      1.62314
      0.41070      9.02236      3.33196      3.99587      1.69453
      0.41187      9.56982      3.56562      4.21058      1.79363
      0.41303     10.00644      3.72188      4.37742      1.90714
      0.41420     10.28742      3.78462      4.47564      2.02715
      0.41537     10.37774      3.74628      4.49369      2.13776
      0.41654     10.32015      3.61015      4.44205      2.26795
      0.41770     10.09458      3.38267      4.31896      2.39294
      0.41887      9.81767      3.09415      4.18961      2.53391
      0.42004      9.50192      2.76025      4.06054      2.68113
      0.42121      9.20890      2.40602      3.96840      2.83448
      0.42238      8.99705      2.05498      3.95120      2.99087
      0.42354      8.90296      1.72674      4.03295      3.14326
      0.42471      8.94591      1.43437      4.23101      3.28053
      0.42588      9.13294      1.18638      4.55413      3.39244
      0.42705      9.45141      0.98558      4.99704      3.46879
      0.42821      9.87717      0.83051      5.54481      3.50185
      0.42938     10.37800      0.71687      6.17353      3.48760
      0.43055     10.91884      0.63887      6.85349      3.42648
      0.43172     11.46637      0.59043      7.55259      3.32336
      0.43288     11.99255      0.56604      8.23962      3.18690
      0.43405     12.47681      0.56119      8.88717      3.02845
      0.43522     12.90659      0.57250      9.47342      2.86067
      0.43639     13.28815      0.59730      9.99357      2.69728
      0.43755     13.58589      0.62732     10.41446      2.54411
      0.43872     13.86912      0.68216     10.76647      2.42049
      0.43989     14.09780      0.74447     11.02902      2.32431
      0.44106     14.27442      0.81320     11.20400      2.25722
      0.44223     14.39732      0.88656     11.29376      2.21700
      0.44339     14.46235      0.96229     11.30177      2.19828
      0.44456     14.46598      1.03815     11.23420      2.19363
      0.44573     14.40924      1.11242     11.10190      2.19491
      0.44690     14.30120      1.18436     10.92205      2.19480
      0.44806     14.16077      1.25442     10.71847      2.18789
      0.44923     14.01582      1.32419     10.52012      2.17151
      0.45040     13.88863      1.39537     10.35484      2.13841
      0.45157     13.83665      1.47153     10.25620      2.10892
      0.45273     13.86450      1.55290     10.23722      2.07438
      0.45390     13.98248      1.63892     10.30235      2.04121
      0.45507     14.17044      1.72624     10.43545      2.00875
      0.45624     14.39317      1.80920     10.60513      1.97884
      0.45740     14.56108      1.87889     10.73800      1.94418
      0.45857     14.69095      1.92911     10.84658      1.91526
      0.45974     14.66280      1.94959     10.83394      1.87927
      0.46091     14.42674      1.93376     10.65909      1.83389
      0.46207     13.95463      1.87809     10.29761      1.77892
      0.46324     13.24643      1.78292      9.74637      1.71715
      0.46441     12.33151      1.65252      9.02439      1.65460
      0.46558     11.25072      1.49418      8.15696      1.59957
      0.46675     10.10952      1.31891      7.22764      1.56297
      0.46791      8.96302      1.13701      6.27221      1.55381
      0.46908      7.88475      0.95897      5.34639      1.57939
      0.47025      6.92142      0.79302      4.48706      1.64135
      0.47142      6.12417      0.64472      3.74195      1.73751
      0.47258      5.52358      0.52241      3.13359      1.86758
      0.47375      5.08126      0.42292      2.64622      2.01212
      0.47492      4.77710      0.34525      2.27649      2.15536
      0.47609      4.57090      0.28668      2.00451      2.27971
      0.47725      4.42142      0.24363      1.80935      2.36844
      0.47842      4.29116      0.21241      1.67070      2.40806
      0.47959      4.15210      0.18974      1.57216      2.39021
      0.48076      3.98929      0.17310      1.50338      2.31281
      0.48192      3.80177      0.16091      1.46070      2.18016
      0.48309      3.60111      0.15243      1.44659      2.00209
      0.48426      3.36781      0.14206      1.43804      1.78771
      0.48543      3.22540      0.14380      1.51730      1.56430
      0.48660      3.13205      0.14905      1.64334      1.33966
      0.48776      3.10947      0.15858      1.82323      1.12766
      0.48893      3.16873      0.17264      2.05740      0.93870
      0.49010      3.30834      0.19079      2.33852      0.77903
      0.49127      3.51420      0.21192      2.65144      0.65083
      0.49243      3.76669      0.23504      2.97823      0.55343
      0.49360      4.02692      0.25728      3.28764      0.48200
      0.49477      4.26316      0.27695      3.55474      0.43147
      0.49594      4.44420      0.29223      3.75525      0.39671
      0.49710      4.54373      0.30181      3.87047      0.37144
      0.49827      4.54842      0.30518      3.89128      0.35196
      0.49944      4.45772      0.30273      3.81921      0.33578
      0.50061      4.28478      0.29582      3.66677      0.32220
      0.50177      4.04112      0.28608      3.45151      0.30353
      0.50294      3.79384      0.27746      3.21323      0.30315
      0.50411      3.55851      0.27206      2.97630      0.31015
      0.50528      3.37296      0.27263      2.77157      0.32876
      0.50645      3.26869      0.28131      2.62464      0.36274
      0.50761      3.26684      0.29930      2.55262      0.41492
      0.50878      3.37545      0.32656      2.56218      0.48672
      0.50995      3.58838      0.36177      2.64883      0.57778
      0.51112      3.88585      0.40239      2.79772      0.68575
      0.51228      4.23667      0.44488      2.98562      0.80617
      0.51345      4.60187      0.48511      3.18407      0.93270
      0.51462      4.93934      0.51887      3.36296      1.05751
      0.51579      5.20875      0.54237      3.49440      1.17198
      0.51695      5.37635      0.55275      3.55610      1.26750
      0.51812      5.42112      0.54841      3.53615      1.33655
      0.51929      5.32968      0.52922      3.42731      1.37315
      0.52046      5.08984      0.49533      3.22156      1.37295
      0.52162      4.76212      0.45226      2.97076      1.33910
      0.52279      4.35500      0.40124      2.68165      1.27211
      0.52396      3.89004      0.34608      2.36615      1.17782
      0.52513      3.41528      0.29061      2.06107      1.06361
      0.52630      2.97416      0.23820      1.79698      0.93898
      0.52746      2.60948      0.19158      1.60420      0.81370
      0.52863      2.36260      0.15278      1.51249      0.69733
      0.52980      2.27302      0.12316      1.55126      0.59861
      0.53097      2.37814      0.10354      1.74954      0.52506
      0.53213      2.71262      0.09431      2.13553      0.48277
      0.53330      3.30681      0.09561      2.73501      0.47619
      0.53447      4.18378      0.10733      3.56837      0.50809
      0.53564      5.35496      0.12914      4.64650      0.57933
      0.53680      6.82559      0.16050      5.97601      0.68907
      0.53797      8.55789      0.20021      7.52218      0.83550
      0.53914     10.50262      0.24667      9.24601      1.00995
      0.54031     12.56948      0.29590     11.07005      1.20354
      0.54147     14.69085      0.34921     12.93148      1.41015
      0.54264     16.72642      0.40044     14.71087      1.61511
      0.54381     18.55547      0.44611     16.30682      1.80254
      0.54498     20.07281      0.48311     17.61812      1.97158
      0.54614     21.19042      0.50861     18.57364      2.10816
      0.54731     21.85582      0.52079     19.12682      2.20820
      0.54848     22.06949      0.51902     19.27745      2.27302
      0.54965     21.88085      0.50394     19.06712      2.30979
      0.55082     21.37178      0.47733     18.56781      2.32664
      0.55198     20.65950      0.44187     17.88109      2.33654
      0.55315     19.87033      0.40073     17.11758      2.35203
      0.55432     19.12334      0.35711     16.38254      2.38369
      0.55549     18.51416      0.31388     15.76201      2.43827
      0.55665     18.10372      0.27326     15.31296      2.51751
      0.55782     17.91362      0.23666     15.05905      2.61791
      0.55899     17.92811      0.20472     14.99184      2.73154
      0.56016     18.10160      0.17737     15.07660      2.84763
      0.56132     18.36951      0.15407     15.26087      2.95457
      0.56249     18.65984      0.13407     15.48385      3.04192
      0.56366     18.90327      0.11654     15.68472      3.10201
      0.56483     19.04047      0.10081     15.80900      3.13066
      0.56599     19.01217      0.08639     15.79937      3.12641
