#     PDOS  shell 3 (s) of atom 1 mg  (Mulliken)
#     E - Ef       total
# Ef =         0.3840051700
     -0.83401      0.00000
     -0.83284      0.00000
     -0.83167      0.00000
     -0.83050      0.00000
     -0.82933      0.00000
     -0.82817      0.00000
     -0.82700      0.00000
     -0.82583      0.00000
     -0.82466      0.00000
     -0.82350      0.00000
     -0.82233      0.00000
     -0.82116      0.00000
     -0.81999      0.00000
     -0.81883      0.00000
     -0.81766      0.00000
     -0.81649      0.00000
     -0.81532      0.00000
     -0.81416      0.00000
     -0.81299      0.00000
     -0.81182      0.00000
     -0.81065      0.00000
     -0.80948      0.00000
     -0.80832      0.00000
     -0.80715      0.00000
     -0.80598      0.00000
     -0.80481      0.00000
     -0.80365      0.00000
     -0.80248      0.00000
     -0.80131      0.00000
     -0.80014      0.00000
     -0.79898      0.00000
     -0.79781      0.00000
     -0.79664      0.00000
     -0.79547      0.00000
     -0.79431      0.00000
     -0.79314      0.00000
     -0.79197      0.00000
     -0.79080      0.00000
     -0.78963      0.00000
     -0.78847      0.00000
     -0.78730      0.00000
     -0.78613      0.00000
     -0.78496      0.00000
     -0.78380      0.00000
     -0.78263      0.00000
     -0.78146      0.00000
     -0.78029      0.00000
     -0.77913      0.00000
     -0.77796      0.00000
     -0.77679      0.00000
     -0.77562      0.00000
     -0.77446      0.00000
     -0.77329      0.00000
     -0.77212      0.00000
     -0.77095      0.00000
     -0.76978      0.00000
     -0.76862      0.00000
     -0.76745      0.00000
     -0.76628      0.00000
     -0.76511      0.00000
     -0.76395      0.00000
     -0.76278      0.00000
     -0.76161      0.00000
     -0.76044      0.00000
     -0.75928      0.00000
     -0.75811      0.00000
     -0.75694      0.00000
     -0.75577      0.00000
     -0.75461      0.00000
     -0.75344      0.00000
     -0.75227      0.00000
     -0.75110      0.00000
     -0.74994      0.00000
     -0.74877      0.00000
     -0.74760      0.00000
     -0.74643      0.00000
     -0.74526      0.00000
     -0.74410      0.00000
     -0.74293      0.00000
     -0.74176      0.00000
     -0.74059      0.00000
     -0.73943      0.00000
     -0.73826     -0.00000
     -0.73709     -0.00000
     -0.73592     -0.00001
     -0.73476     -0.00001
     -0.73359     -0.00002
     -0.73242     -0.00003
     -0.73125     -0.00007
     -0.73009     -0.00012
     -0.72892     -0.00019
     -0.72775     -0.00029
     -0.72658     -0.00045
     -0.72541     -0.00067
     -0.72425     -0.00098
     -0.72308     -0.00140
     -0.72191     -0.00196
     -0.72074     -0.00267
     -0.71958     -0.00357
     -0.71841     -0.00465
     -0.71724     -0.00591
     -0.71607     -0.00739
     -0.71491     -0.00899
     -0.71374     -0.01067
     -0.71257     -0.01239
     -0.71140     -0.01408
     -0.71024     -0.01566
     -0.70907     -0.01711
     -0.70790     -0.01840
     -0.70673     -0.01955
     -0.70556     -0.02062
     -0.70440     -0.02174
     -0.70323     -0.02298
     -0.70206     -0.02447
     -0.70089     -0.02629
     -0.69973     -0.02848
     -0.69856     -0.03104
     -0.69739     -0.03387
     -0.69622     -0.03684
     -0.69506     -0.03978
     -0.69389     -0.04248
     -0.69272     -0.04478
     -0.69155     -0.04657
     -0.69039     -0.04781
     -0.68922     -0.04854
     -0.68805     -0.04890
     -0.68688     -0.04897
     -0.68571     -0.04894
     -0.68455     -0.04895
     -0.68338     -0.04908
     -0.68221     -0.04951
     -0.68104     -0.05020
     -0.67988     -0.05114
     -0.67871     -0.05228
     -0.67754     -0.05359
     -0.67637     -0.05499
     -0.67521     -0.05642
     -0.67404     -0.05783
     -0.67287     -0.05914
     -0.67170     -0.06027
     -0.67054     -0.06115
     -0.66937     -0.06170
     -0.66820     -0.06175
     -0.66703     -0.06151
     -0.66587     -0.06079
     -0.66470     -0.05957
     -0.66353     -0.05788
     -0.66236     -0.05578
     -0.66119     -0.05332
     -0.66003     -0.05056
     -0.65886     -0.04756
     -0.65769     -0.04437
     -0.65652     -0.04093
     -0.65536     -0.03752
     -0.65419     -0.03402
     -0.65302     -0.03046
     -0.65185     -0.02689
     -0.65069     -0.02337
     -0.64952     -0.01996
     -0.64835     -0.01670
     -0.64718     -0.01362
     -0.64602     -0.01097
     -0.64485     -0.00862
     -0.64368     -0.00661
     -0.64251     -0.00495
     -0.64134     -0.00360
     -0.64018     -0.00247
     -0.63901     -0.00172
     -0.63784     -0.00115
     -0.63667     -0.00076
     -0.63551     -0.00048
     -0.63434     -0.00030
     -0.63317     -0.00018
     -0.63200     -0.00006
     -0.63084     -0.00002
     -0.62967      0.00000
     -0.62850      0.00000
     -0.62733      0.00000
     -0.62617      0.00000
     -0.62500      0.00000
     -0.62383      0.00000
     -0.62266      0.00000
     -0.62149      0.00000
     -0.62033      0.00000
     -0.61916      0.00000
     -0.61799      0.00000
     -0.61682      0.00000
     -0.61566      0.00000
     -0.61449      0.00000
     -0.61332      0.00000
     -0.61215      0.00000
     -0.61099      0.00000
     -0.60982      0.00000
     -0.60865      0.00000
     -0.60748      0.00000
     -0.60632      0.00000
     -0.60515      0.00000
     -0.60398      0.00000
     -0.60281      0.00000
     -0.60164      0.00000
     -0.60048      0.00000
     -0.59931      0.00000
     -0.59814      0.00000
     -0.59697      0.00000
     -0.59581      0.00000
     -0.59464      0.00000
     -0.59347      0.00000
     -0.59230      0.00000
     -0.59114      0.00000
     -0.58997      0.00000
     -0.58880      0.00000
     -0.58763      0.00000
     -0.58647      0.00000
     -0.58530      0.00000
     -0.58413      0.00000
     -0.58296      0.00000
     -0.58179      0.00000
     -0.58063      0.00000
     -0.57946      0.00000
     -0.57829      0.00000
     -0.57712      0.00000
     -0.57596      0.00000
     -0.57479      0.00000
     -0.57362      0.00000
     -0.57245      0.00000
     -0.57129      0.00000
     -0.57012      0.00000
     -0.56895      0.00000
     -0.56778      0.00000
     -0.56662      0.00000
     -0.56545      0.00000
     -0.56428      0.00000
     -0.56311      0.00000
     -0.56195      0.00000
     -0.56078      0.00000
     -0.55961      0.00000
     -0.55844      0.00000
     -0.55727      0.00000
     -0.55611      0.00000
     -0.55494      0.00000
     -0.55377      0.00000
     -0.55260      0.00000
     -0.55144      0.00000
     -0.55027      0.00000
     -0.54910      0.00000
     -0.54793      0.00000
     -0.54677      0.00000
     -0.54560      0.00000
     -0.54443      0.00000
     -0.54326      0.00000
     -0.54210      0.00000
     -0.54093      0.00000
     -0.53976      0.00000
     -0.53859      0.00000
     -0.53742      0.00000
     -0.53626      0.00000
     -0.53509      0.00000
     -0.53392      0.00000
     -0.53275      0.00000
     -0.53159      0.00000
     -0.53042      0.00000
     -0.52925      0.00000
     -0.52808      0.00000
     -0.52692      0.00000
     -0.52575      0.00000
     -0.52458      0.00000
     -0.52341      0.00000
     -0.52225      0.00000
     -0.52108      0.00000
     -0.51991      0.00000
     -0.51874      0.00000
     -0.51757      0.00000
     -0.51641      0.00000
     -0.51524      0.00000
     -0.51407      0.00000
     -0.51290      0.00000
     -0.51174      0.00000
     -0.51057      0.00000
     -0.50940      0.00000
     -0.50823      0.00000
     -0.50707      0.00000
     -0.50590      0.00000
     -0.50473      0.00000
     -0.50356      0.00000
     -0.50240      0.00000
     -0.50123      0.00000
     -0.50006      0.00000
     -0.49889      0.00000
     -0.49772      0.00000
     -0.49656      0.00000
     -0.49539      0.00000
     -0.49422      0.00000
     -0.49305      0.00000
     -0.49189      0.00000
     -0.49072      0.00000
     -0.48955      0.00000
     -0.48838      0.00000
     -0.48722      0.00000
     -0.48605      0.00000
     -0.48488      0.00000
     -0.48371      0.00000
     -0.48255      0.00000
     -0.48138      0.00000
     -0.48021      0.00000
     -0.47904      0.00000
     -0.47788      0.00000
     -0.47671      0.00000
     -0.47554      0.00000
     -0.47437      0.00000
     -0.47320      0.00000
     -0.47204      0.00000
     -0.47087      0.00000
     -0.46970      0.00000
     -0.46853      0.00000
     -0.46737      0.00000
     -0.46620      0.00000
     -0.46503      0.00000
     -0.46386      0.00000
     -0.46270      0.00000
     -0.46153      0.00000
     -0.46036      0.00000
     -0.45919      0.00000
     -0.45803      0.00000
     -0.45686      0.00000
     -0.45569      0.00000
     -0.45452      0.00000
     -0.45335      0.00000
     -0.45219      0.00000
     -0.45102      0.00000
     -0.44985      0.00000
     -0.44868      0.00000
     -0.44752      0.00000
     -0.44635      0.00000
     -0.44518      0.00000
     -0.44401      0.00000
     -0.44285      0.00000
     -0.44168      0.00000
     -0.44051      0.00000
     -0.43934      0.00000
     -0.43818      0.00000
     -0.43701      0.00000
     -0.43584      0.00000
     -0.43467      0.00000
     -0.43350      0.00000
     -0.43234      0.00000
     -0.43117      0.00000
     -0.43000      0.00000
     -0.42883      0.00000
     -0.42767      0.00000
     -0.42650      0.00000
     -0.42533      0.00000
     -0.42416      0.00000
     -0.42300      0.00000
     -0.42183      0.00000
     -0.42066      0.00000
     -0.41949      0.00000
     -0.41833      0.00000
     -0.41716      0.00000
     -0.41599      0.00000
     -0.41482      0.00000
     -0.41365      0.00000
     -0.41249      0.00000
     -0.41132      0.00000
     -0.41015      0.00000
     -0.40898      0.00000
     -0.40782      0.00000
     -0.40665      0.00000
     -0.40548      0.00000
     -0.40431      0.00000
     -0.40315      0.00000
     -0.40198      0.00000
     -0.40081      0.00000
     -0.39964      0.00000
     -0.39848      0.00000
     -0.39731      0.00000
     -0.39614      0.00000
     -0.39497      0.00000
     -0.39381      0.00000
     -0.39264      0.00000
     -0.39147      0.00000
     -0.39030      0.00000
     -0.38913      0.00000
     -0.38797      0.00000
     -0.38680      0.00000
     -0.38563      0.00000
     -0.38446      0.00000
     -0.38330      0.00000
     -0.38213      0.00000
     -0.38096      0.00000
     -0.37979      0.00000
     -0.37863      0.00000
     -0.37746      0.00000
     -0.37629      0.00000
     -0.37512      0.00000
     -0.37396      0.00000
     -0.37279      0.00000
     -0.37162      0.00000
     -0.37045      0.00000
     -0.36928      0.00000
     -0.36812      0.00000
     -0.36695      0.00000
     -0.36578      0.00000
     -0.36461      0.00000
     -0.36345      0.00000
     -0.36228      0.00000
     -0.36111      0.00000
     -0.35994      0.00000
     -0.35878      0.00000
     -0.35761      0.00000
     -0.35644      0.00000
     -0.35527      0.00000
     -0.35411      0.00000
     -0.35294      0.00000
     -0.35177      0.00000
     -0.35060      0.00000
     -0.34943      0.00000
     -0.34827      0.00000
     -0.34710      0.00000
     -0.34593      0.00000
     -0.34476      0.00000
     -0.34360      0.00000
     -0.34243      0.00000
     -0.34126      0.00000
     -0.34009      0.00000
     -0.33893      0.00000
     -0.33776      0.00000
     -0.33659      0.00000
     -0.33542      0.00000
     -0.33426      0.00000
     -0.33309      0.00000
     -0.33192      0.00000
     -0.33075      0.00000
     -0.32958      0.00000
     -0.32842      0.00000
     -0.32725      0.00000
     -0.32608      0.00000
     -0.32491      0.00000
     -0.32375      0.00000
     -0.32258      0.00000
     -0.32141      0.00000
     -0.32024      0.00000
     -0.31908      0.00000
     -0.31791      0.00000
     -0.31674      0.00000
     -0.31557      0.00000
     -0.31441      0.00000
     -0.31324      0.00000
     -0.31207      0.00000
     -0.31090      0.00000
     -0.30973      0.00000
     -0.30857      0.00000
     -0.30740      0.00000
     -0.30623      0.00000
     -0.30506      0.00000
     -0.30390      0.00000
     -0.30273      0.00000
     -0.30156      0.00000
     -0.30039      0.00000
     -0.29923      0.00000
     -0.29806      0.00000
     -0.29689      0.00000
     -0.29572      0.00000
     -0.29456      0.00000
     -0.29339      0.00000
     -0.29222      0.00000
     -0.29105      0.00000
     -0.28989      0.00000
     -0.28872      0.00000
     -0.28755      0.00000
     -0.28638      0.00000
     -0.28521      0.00000
     -0.28405      0.00000
     -0.28288      0.00000
     -0.28171      0.00000
     -0.28054      0.00000
     -0.27938      0.00000
     -0.27821      0.00000
     -0.27704     -0.00022
     -0.27587     -0.00042
     -0.27471     -0.00076
     -0.27354     -0.00134
     -0.27237     -0.00229
     -0.27120     -0.00381
     -0.27004     -0.00615
     -0.26887     -0.00963
     -0.26770     -0.01465
     -0.26653     -0.02169
     -0.26536     -0.03112
     -0.26420     -0.04337
     -0.26303     -0.05869
     -0.26186     -0.07716
     -0.26069     -0.09854
     -0.25953     -0.12228
     -0.25836     -0.14752
     -0.25719     -0.17301
     -0.25602     -0.19734
     -0.25486     -0.21924
     -0.25369     -0.23716
     -0.25252     -0.25066
     -0.25135     -0.25863
     -0.25019     -0.26141
     -0.24902     -0.25966
     -0.24785     -0.25461
     -0.24668     -0.24791
     -0.24551     -0.24158
     -0.24435     -0.23748
     -0.24318     -0.23760
     -0.24201     -0.24365
     -0.24084     -0.25706
     -0.23968     -0.27849
     -0.23851     -0.30821
     -0.23734     -0.34571
     -0.23617     -0.38972
     -0.23501     -0.43824
     -0.23384     -0.48864
     -0.23267     -0.53809
     -0.23150     -0.58314
     -0.23034     -0.62099
     -0.22917     -0.64832
     -0.22800     -0.66595
     -0.22683     -0.67182
     -0.22566     -0.66653
     -0.22450     -0.65156
     -0.22333     -0.62900
     -0.22216     -0.60125
     -0.22099     -0.57071
     -0.21983     -0.53946
     -0.21866     -0.50877
     -0.21749     -0.48044
     -0.21632     -0.45433
     -0.21516     -0.43035
     -0.21399     -0.40802
     -0.21282     -0.38660
     -0.21165     -0.36528
     -0.21049     -0.34319
     -0.20932     -0.31996
     -0.20815     -0.29513
     -0.20698     -0.26794
     -0.20582     -0.24037
     -0.20465     -0.21068
     -0.20348     -0.18249
     -0.20231     -0.15479
     -0.20114     -0.12853
     -0.19998     -0.10457
     -0.19881     -0.08374
     -0.19764     -0.06570
     -0.19647     -0.05212
     -0.19531     -0.04216
     -0.19414     -0.03578
     -0.19297     -0.03212
     -0.19180     -0.03261
     -0.19064     -0.03590
     -0.18947     -0.04176
     -0.18830     -0.04996
     -0.18713     -0.06025
     -0.18597     -0.07233
     -0.18480     -0.08529
     -0.18363     -0.10002
     -0.18246     -0.11509
     -0.18129     -0.12985
     -0.18013     -0.14360
     -0.17896     -0.15552
     -0.17779     -0.16484
     -0.17662     -0.17085
     -0.17546     -0.17304
     -0.17429     -0.17115
     -0.17312     -0.16522
     -0.17195     -0.15562
     -0.17079     -0.14301
     -0.16962     -0.12826
     -0.16845     -0.11240
     -0.16728     -0.09640
     -0.16612     -0.08116
     -0.16495     -0.06742
     -0.16378     -0.05565
     -0.16261     -0.04611
     -0.16144     -0.03881
     -0.16028     -0.03344
     -0.15911     -0.03011
     -0.15794     -0.02824
     -0.15677     -0.02750
     -0.15561     -0.02757
     -0.15444     -0.02830
     -0.15327     -0.02946
     -0.15210     -0.03092
     -0.15094     -0.03213
     -0.14977     -0.03403
     -0.14860     -0.03580
     -0.14743     -0.03733
     -0.14627     -0.03851
     -0.14510     -0.03919
     -0.14393     -0.03929
     -0.14276     -0.03876
     -0.14159     -0.03764
     -0.14043     -0.03602
     -0.13926     -0.03409
     -0.13809     -0.03207
     -0.13692     -0.03018
     -0.13576     -0.02861
     -0.13459     -0.02750
     -0.13342     -0.02688
     -0.13225     -0.02665
     -0.13109     -0.02681
     -0.12992     -0.02708
     -0.12875     -0.02725
     -0.12758     -0.02714
     -0.12642     -0.02658
     -0.12525     -0.02550
     -0.12408     -0.02389
     -0.12291     -0.02182
     -0.12174     -0.01941
     -0.12058     -0.01664
     -0.11941     -0.01407
     -0.11824     -0.01159
     -0.11707     -0.00931
     -0.11591     -0.00732
     -0.11474     -0.00566
     -0.11357     -0.00434
     -0.11240     -0.00330
     -0.11124     -0.00252
     -0.11007     -0.00195
     -0.10890     -0.00153
     -0.10773     -0.00122
     -0.10657     -0.00098
     -0.10540     -0.00079
     -0.10423     -0.00052
     -0.10306     -0.00045
     -0.10190     -0.00040
     -0.10073     -0.00032
     -0.09956     -0.00025
     -0.09839     -0.00018
     -0.09722     -0.00013
     -0.09606     -0.00010
     -0.09489     -0.00007
     -0.09372     -0.00004
     -0.09255     -0.00003
     -0.09139     -0.00002
     -0.09022     -0.00001
     -0.08905     -0.00001
     -0.08788      0.00000
     -0.08672      0.00000
     -0.08555      0.00000
     -0.08438      0.00000
     -0.08321      0.00000
     -0.08205      0.00000
     -0.08088      0.00000
     -0.07971      0.00000
     -0.07854      0.00000
     -0.07737      0.00000
     -0.07621      0.00000
     -0.07504      0.00000
     -0.07387      0.00000
     -0.07270      0.00000
     -0.07154      0.00000
     -0.07037      0.00000
     -0.06920      0.00000
     -0.06803      0.00000
     -0.06687      0.00000
     -0.06570      0.00000
     -0.06453      0.00000
     -0.06336      0.00000
     -0.06220      0.00000
     -0.06103      0.00000
     -0.05986      0.00000
     -0.05869      0.00000
     -0.05752      0.00000
     -0.05636      0.00000
     -0.05519      0.00000
     -0.05402      0.00000
     -0.05285      0.00000
     -0.05169      0.00000
     -0.05052      0.00000
     -0.04935      0.00000
     -0.04818      0.00000
     -0.04702      0.00000
     -0.04585      0.00000
     -0.04468      0.00000
     -0.04351      0.00000
     -0.04235      0.00000
     -0.04118      0.00000
     -0.04001      0.00000
     -0.03884      0.00000
     -0.03767      0.00000
     -0.03651      0.00000
     -0.03534      0.00000
     -0.03417      0.00000
     -0.03300      0.00000
     -0.03184      0.00000
     -0.03067      0.00000
     -0.02950      0.00000
     -0.02833      0.00000
     -0.02717      0.00000
     -0.02600      0.00000
     -0.02483      0.00000
     -0.02366      0.00000
     -0.02250      0.00000
     -0.02133      0.00000
     -0.02016      0.00000
     -0.01899      0.00000
     -0.01783      0.00000
     -0.01666      0.00000
     -0.01549      0.00000
     -0.01432      0.00000
     -0.01315      0.00000
     -0.01199      0.00000
     -0.01082      0.00000
     -0.00965      0.00000
     -0.00848      0.00000
     -0.00732      0.00000
     -0.00615      0.00000
     -0.00498      0.00000
     -0.00381      0.00000
     -0.00265      0.00000
     -0.00148      0.00000
     -0.00031      0.00000
      0.00086      0.00000
      0.00202      0.00000
      0.00319      0.00000
      0.00436      0.00000
      0.00553      0.00000
      0.00670      0.00000
      0.00786      0.00000
      0.00903      0.00000
      0.01020      0.00000
      0.01137      0.00000
      0.01253      0.00000
      0.01370      0.00000
      0.01487      0.00000
      0.01604      0.00000
      0.01720      0.00000
      0.01837      0.00000
      0.01954      0.00000
      0.02071      0.00000
      0.02187      0.00000
      0.02304      0.00000
      0.02421      0.00000
      0.02538      0.00000
      0.02655      0.00000
      0.02771      0.00000
      0.02888      0.00000
      0.03005      0.00000
      0.03122      0.00000
      0.03238      0.00000
      0.03355      0.00000
      0.03472      0.00000
      0.03589      0.00000
      0.03705      0.00000
      0.03822      0.00000
      0.03939      0.00000
      0.04056      0.00000
      0.04172      0.00000
      0.04289      0.00000
      0.04406      0.00000
      0.04523      0.00000
      0.04640      0.00000
      0.04756      0.00000
      0.04873      0.00000
      0.04990      0.00000
      0.05107      0.00000
      0.05223      0.00000
      0.05340      0.00000
      0.05457      0.00000
      0.05574      0.00000
      0.05690      0.00000
      0.05807      0.00000
      0.05924      0.00000
      0.06041      0.00000
      0.06157      0.00000
      0.06274      0.00000
      0.06391      0.00000
      0.06508      0.00000
      0.06625      0.00000
      0.06741     -0.00004
      0.06858     -0.00008
      0.06975     -0.00014
      0.07092     -0.00026
      0.07208     -0.00044
      0.07325     -0.00072
      0.07442     -0.00116
      0.07559     -0.00182
      0.07675     -0.00276
      0.07792     -0.00407
      0.07909     -0.00583
      0.08026     -0.00810
      0.08142     -0.01092
      0.08259     -0.01430
      0.08376     -0.01819
      0.08493     -0.02245
      0.08609     -0.02691
      0.08726     -0.03132
      0.08843     -0.03539
      0.08960     -0.03882
      0.09077     -0.04135
      0.09193     -0.04276
      0.09310     -0.04293
      0.09427     -0.04185
      0.09544     -0.03960
      0.09660     -0.03639
      0.09777     -0.03246
      0.09894     -0.02812
      0.10011     -0.02409
      0.10127     -0.02013
      0.10244     -0.01677
      0.10361     -0.01432
      0.10478     -0.01308
      0.10594     -0.01337
      0.10711     -0.01559
      0.10828     -0.02018
      0.10945     -0.02764
      0.11062     -0.03851
      0.11178     -0.05330
      0.11295     -0.07237
      0.11412     -0.09588
      0.11529     -0.12341
      0.11645     -0.15471
      0.11762     -0.18831
      0.11879     -0.22252
      0.11996     -0.25530
      0.12112     -0.28439
      0.12229     -0.30758
      0.12346     -0.32297
      0.12463     -0.32926
      0.12579     -0.32591
      0.12696     -0.31321
      0.12813     -0.29224
      0.12930     -0.26474
      0.13047     -0.23285
      0.13163     -0.19884
      0.13280     -0.16486
      0.13397     -0.13270
      0.13514     -0.10371
      0.13630     -0.07870
      0.13747     -0.05798
      0.13864     -0.04147
      0.13981     -0.02880
      0.14097     -0.01942
      0.14214     -0.01271
      0.14331     -0.00808
      0.14448     -0.00499
      0.14564     -0.00299
      0.14681     -0.00174
      0.14798      0.00000
      0.14915      0.00000
      0.15032      0.00000
      0.15148      0.00000
      0.15265      0.00000
      0.15382      0.00000
      0.15499      0.00000
      0.15615      0.00000
      0.15732      0.00000
      0.15849     -0.00151
      0.15966     -0.00276
      0.16082     -0.00491
      0.16199     -0.00849
      0.16316     -0.01425
      0.16433     -0.02321
      0.16549     -0.03670
      0.16666     -0.05636
      0.16783     -0.08403
      0.16900     -0.12163
      0.17016     -0.17093
      0.17133     -0.23323
      0.17250     -0.30897
      0.17367     -0.39740
      0.17484     -0.49626
      0.17600     -0.60168
      0.17717     -0.70827
      0.17834     -0.80948
      0.17951     -0.89823
      0.18067     -0.96771
      0.18184     -1.01222
      0.18301     -1.02797
      0.18418     -1.01359
      0.18534     -0.97032
      0.18651     -0.90187
      0.18768     -0.81385
      0.18885     -0.71306
      0.19001     -0.60656
      0.19118     -0.50096
      0.19235     -0.40170
      0.19352     -0.31407
      0.19469     -0.23884
      0.19585     -0.17785
      0.19702     -0.13118
      0.19819     -0.09826
      0.19936     -0.07826
      0.20052     -0.07049
      0.20169     -0.07480
      0.20286     -0.09104
      0.20403     -0.11984
      0.20519     -0.16193
      0.20636     -0.21512
      0.20753     -0.28651
      0.20870     -0.37071
      0.20986     -0.46603
      0.21103     -0.56932
      0.21220     -0.67603
      0.21337     -0.78047
      0.21454     -0.87632
      0.21570     -0.95734
      0.21687     -1.01804
      0.21804     -1.05440
      0.21921     -1.06434
      0.22037     -1.04790
      0.22154     -1.00718
      0.22271     -0.94592
      0.22388     -0.86901
      0.22504     -0.78177
      0.22621     -0.68943
      0.22738     -0.59661
      0.22855     -0.50705
      0.22971     -0.42351
      0.23088     -0.34776
      0.23205     -0.28221
      0.23322     -0.22551
      0.23439     -0.17858
      0.23555     -0.14147
      0.23672     -0.11428
      0.23789     -0.09731
      0.23906     -0.09118
      0.24022     -0.09690
      0.24139     -0.11303
      0.24256     -0.14819
      0.24373     -0.19943
      0.24489     -0.26840
      0.24606     -0.35590
      0.24723     -0.46146
      0.24840     -0.58288
      0.24956     -0.71532
      0.25073     -0.85439
      0.25190     -0.99091
      0.25307     -1.11597
      0.25424     -1.22080
      0.25540     -1.29700
      0.25657     -1.33876
      0.25774     -1.34307
      0.25891     -1.31035
      0.26007     -1.24685
      0.26124     -1.15654
      0.26241     -1.05006
      0.26358     -0.93793
      0.26474     -0.83075
      0.26591     -0.73824
      0.26708     -0.66859
      0.26825     -0.62809
      0.26941     -0.62322
      0.27058     -0.65377
      0.27175     -0.72199
      0.27292     -0.82748
      0.27408     -0.96842
      0.27525     -1.14150
      0.27642     -1.34180
      0.27759     -1.56273
      0.27876     -1.79616
      0.27992     -2.02781
      0.28109     -2.25962
      0.28226     -2.47365
      0.28343     -2.66119
      0.28459     -2.81496
      0.28576     -2.92955
      0.28693     -3.00163
      0.28810     -3.02974
      0.28926     -3.01398
      0.29043     -2.95560
      0.29160     -2.85674
      0.29277     -2.72028
      0.29393     -2.55000
      0.29510     -2.35071
      0.29627     -2.12844
      0.29744     -1.88993
      0.29861     -1.64449
      0.29977     -1.39988
      0.30094     -1.16444
      0.30211     -0.94474
      0.30328     -0.74824
      0.30444     -0.57759
      0.30561     -0.43421
      0.30678     -0.31787
      0.30795     -0.22024
      0.30911     -0.15431
      0.31028     -0.10600
      0.31145     -0.07237
      0.31262     -0.05055
      0.31378     -0.03806
      0.31495     -0.03295
      0.31612     -0.03374
      0.31729     -0.03415
      0.31846     -0.04936
      0.31962     -0.06671
      0.32079     -0.08835
      0.32196     -0.11504
      0.32313     -0.14780
      0.32429     -0.18810
      0.32546     -0.23808
      0.32663     -0.30070
      0.32780     -0.37985
      0.32896     -0.48018
      0.33013     -0.60674
      0.33130     -0.76423
      0.33247     -0.95605
      0.33363     -1.18312
      0.33480     -1.44273
      0.33597     -1.72769
      0.33714     -2.02601
      0.33831     -2.32135
      0.33947     -2.59429
      0.34064     -2.82435
      0.34181     -2.99250
      0.34298     -3.08365
      0.34414     -3.08886
      0.34531     -3.00664
      0.34648     -2.84318
      0.34765     -2.61149
      0.34881     -2.32960
      0.34998     -2.01810
      0.35115     -1.69763
      0.35232     -1.38579
      0.35348     -1.09927
      0.35465     -0.84662
      0.35582     -0.63306
      0.35699     -0.46126
      0.35815     -0.32705
      0.35932     -0.22729
      0.36049     -0.15712
      0.36166     -0.11175
      0.36283     -0.08942
      0.36399     -0.08476
      0.36516     -0.09806
      0.36633     -0.11776
      0.36750     -0.17590
      0.36866     -0.25557
      0.36983     -0.36185
      0.37100     -0.49811
      0.37217     -0.66760
      0.37333     -0.87142
      0.37450     -1.10815
      0.37567     -1.37336
      0.37684     -1.65935
      0.37800     -1.95537
      0.37917     -2.24822
      0.38034     -2.52324
      0.38151     -2.76563
      0.38268     -2.96183
      0.38384     -3.10092
      0.38501     -3.17565
      0.38618     -3.18307
      0.38735     -3.12471
      0.38851     -3.00649
      0.38968     -2.83813
      0.39085     -2.62949
      0.39202     -2.39375
      0.39318     -2.14357
      0.39435     -1.89096
      0.39552     -1.64668
      0.39669     -1.42000
      0.39785     -1.21859
      0.39902     -1.04856
      0.40019     -0.91449
      0.40136     -0.81941
      0.40253     -0.76474
      0.40369     -0.74987
      0.40486     -0.76618
      0.40603     -0.82332
      0.40720     -0.90426
      0.40836     -1.00019
      0.40953     -1.10049
      0.41070     -1.18956
      0.41187     -1.26835
      0.41303     -1.31994
      0.41420     -1.33827
      0.41537     -1.32023
      0.41654     -1.26667
      0.41770     -1.17877
      0.41887     -1.06794
      0.42004     -0.93840
      0.42121     -0.79843
      0.42238     -0.65557
      0.42354     -0.51667
      0.42471     -0.38601
      0.42588     -0.26665
      0.42705     -0.15999
      0.42821     -0.06631
      0.42938      0.01474
      0.43055      0.08382
      0.43172      0.14151
      0.43288      0.18824
      0.43405      0.22428
      0.43522      0.24982
      0.43639      0.26665
      0.43755      0.27544
      0.43872      0.27061
      0.43989      0.25877
      0.44106      0.24113
      0.44223      0.21943
      0.44339      0.19576
      0.44456      0.17257
      0.44573      0.15244
      0.44690      0.13793
      0.44806      0.13139
      0.44923      0.13468
      0.45040      0.14908
      0.45157      0.17439
      0.45273      0.20995
      0.45390      0.25361
      0.45507      0.30231
      0.45624      0.35210
      0.45740      0.39764
      0.45857      0.43728
      0.45974      0.46566
      0.46091      0.48021
      0.46207      0.47964
      0.46324      0.46406
      0.46441      0.43492
      0.46558      0.39440
      0.46675      0.34659
      0.46791      0.29442
      0.46908      0.24132
      0.47025      0.18976
      0.47142      0.14374
      0.47258      0.10256
      0.47375      0.06790
      0.47492      0.04003
      0.47609      0.01869
      0.47725      0.00338
      0.47842     -0.00652
      0.47959     -0.01164
      0.48076     -0.01249
      0.48192     -0.00950
      0.48309     -0.00297
      0.48426      0.00534
      0.48543      0.01904
      0.48660      0.03539
      0.48776      0.05420
      0.48893      0.07506
      0.49010      0.09731
      0.49127      0.12001
      0.49243      0.14202
      0.49360      0.16201
      0.49477      0.17867
      0.49594      0.19082
      0.49710      0.19757
      0.49827      0.19844
      0.49944      0.19346
      0.50061      0.18314
      0.50177      0.16854
      0.50294      0.15064
      0.50411      0.13102
      0.50528      0.11104
      0.50645      0.09190
      0.50761      0.07452
      0.50878      0.05949
      0.50995      0.04709
      0.51112      0.03729
      0.51228      0.02985
      0.51345      0.02439
      0.51462      0.02046
      0.51579      0.01762
      0.51695      0.01548
      0.51812      0.01375
      0.51929      0.01221
      0.52046      0.00997
      0.52162      0.00891
      0.52279      0.00767
      0.52396      0.00644
      0.52513      0.00529
      0.52630      0.00432
      0.52746      0.00359
      0.52863      0.00318
      0.52980      0.00313
      0.53097      0.00349
      0.53213      0.00433
      0.53330      0.00566
      0.53447      0.00752
      0.53564      0.00991
      0.53680      0.01276
      0.53797      0.01603
      0.53914      0.01956
      0.54031      0.02310
      0.54147      0.02650
      0.54264      0.02941
      0.54381      0.03154
      0.54498      0.03259
      0.54614      0.03238
      0.54731      0.03075
      0.54848      0.02768
      0.54965      0.02322
      0.55082      0.01755
      0.55198      0.01091
      0.55315      0.00363
      0.55432     -0.00393
      0.55549     -0.01137
      0.55665     -0.01832
      0.55782     -0.02444
      0.55899     -0.02944
      0.56016     -0.03310
      0.56132     -0.03530
      0.56249     -0.03605
      0.56366     -0.03541
      0.56483     -0.03358
      0.56599     -0.03079
