#     PDOS  element mg  (Mulliken)
#     E - Ef       total           s           p           d
# Ef =         0.3840051700
     -0.83401      0.00000      0.00000      0.00000      0.00000
     -0.83284      0.00000      0.00000      0.00000      0.00000
     -0.83167      0.00000      0.00000      0.00000      0.00000
     -0.83050      0.00000      0.00000      0.00000      0.00000
     -0.82933      0.00000      0.00000      0.00000      0.00000
     -0.82817      0.00000      0.00000      0.00000      0.00000
     -0.82700      0.00000      0.00000      0.00000      0.00000
     -0.82583      0.00000      0.00000      0.00000      0.00000
     -0.82466      0.00000      0.00000      0.00000      0.00000
     -0.82350      0.00000      0.00000      0.00000      0.00000
     -0.82233      0.00000      0.00000      0.00000      0.00000
     -0.82116      0.00000      0.00000      0.00000      0.00000
     -0.81999      0.00000      0.00000      0.00000      0.00000
     -0.81883      0.00000      0.00000      0.00000      0.00000
     -0.81766      0.00000      0.00000      0.00000      0.00000
     -0.81649      0.00000      0.00000      0.00000      0.00000
     -0.81532      0.00000      0.00000      0.00000      0.00000
     -0.81416      0.00000      0.00000      0.00000      0.00000
     -0.81299      0.00000      0.00000      0.00000      0.00000
     -0.81182      0.00000      0.00000      0.00000      0.00000
     -0.81065      0.00000      0.00000      0.00000      0.00000
     -0.80948      0.00000      0.00000      0.00000      0.00000
     -0.80832      0.00000      0.00000      0.00000      0.00000
     -0.80715      0.00000      0.00000      0.00000      0.00000
     -0.80598      0.00000      0.00000      0.00000      0.00000
     -0.80481      0.00000      0.00000      0.00000      0.00000
     -0.80365      0.00000      0.00000      0.00000      0.00000
     -0.80248      0.00000      0.00000      0.00000      0.00000
     -0.80131      0.00000      0.00000      0.00000      0.00000
     -0.80014      0.00000      0.00000      0.00000      0.00000
     -0.79898      0.00000      0.00000      0.00000      0.00000
     -0.79781      0.00000      0.00000      0.00000      0.00000
     -0.79664      0.00000      0.00000      0.00000      0.00000
     -0.79547      0.00000      0.00000      0.00000      0.00000
     -0.79431      0.00000      0.00000      0.00000      0.00000
     -0.79314      0.00000      0.00000      0.00000      0.00000
     -0.79197      0.00000      0.00000      0.00000      0.00000
     -0.79080      0.00000      0.00000      0.00000      0.00000
     -0.78963      0.00000      0.00000      0.00000      0.00000
     -0.78847      0.00000      0.00000      0.00000      0.00000
     -0.78730      0.00000      0.00000      0.00000      0.00000
     -0.78613      0.00000      0.00000      0.00000      0.00000
     -0.78496      0.00000      0.00000      0.00000      0.00000
     -0.78380      0.00000      0.00000      0.00000      0.00000
     -0.78263      0.00000      0.00000      0.00000      0.00000
     -0.78146      0.00000      0.00000      0.00000      0.00000
     -0.78029      0.00000      0.00000      0.00000      0.00000
     -0.77913      0.00000      0.00000      0.00000      0.00000
     -0.77796      0.00000      0.00000      0.00000      0.00000
     -0.77679      0.00000      0.00000      0.00000      0.00000
     -0.77562      0.00000      0.00000      0.00000      0.00000
     -0.77446      0.00000      0.00000      0.00000      0.00000
     -0.77329      0.00000      0.00000      0.00000      0.00000
     -0.77212      0.00000      0.00000      0.00000      0.00000
     -0.77095      0.00000      0.00000      0.00000      0.00000
     -0.76978      0.00000      0.00000      0.00000      0.00000
     -0.76862      0.00000      0.00000      0.00000      0.00000
     -0.76745      0.00000      0.00000      0.00000      0.00000
     -0.76628      0.00000      0.00000      0.00000      0.00000
     -0.76511      0.00000      0.00000      0.00000      0.00000
     -0.76395      0.00000      0.00000      0.00000      0.00000
     -0.76278      0.00000      0.00000      0.00000      0.00000
     -0.76161      0.00000      0.00000      0.00000      0.00000
     -0.76044      0.00000      0.00000      0.00000      0.00000
     -0.75928      0.00000      0.00000      0.00000      0.00000
     -0.75811      0.00000      0.00000      0.00000      0.00000
     -0.75694      0.00000      0.00000      0.00000      0.00000
     -0.75577      0.00000      0.00000      0.00000      0.00000
     -0.75461      0.00000      0.00000      0.00000      0.00000
     -0.75344      0.00000      0.00000      0.00000      0.00000
     -0.75227      0.00000      0.00000      0.00000      0.00000
     -0.75110      0.00000      0.00000      0.00000      0.00000
     -0.74994      0.00000      0.00000      0.00000      0.00000
     -0.74877      0.00000      0.00000      0.00000      0.00000
     -0.74760      0.00000      0.00000      0.00000      0.00000
     -0.74643      0.00000      0.00000      0.00000      0.00000
     -0.74526      0.00000      0.00000      0.00000      0.00000
     -0.74410      0.00000      0.00000      0.00000      0.00000
     -0.74293      0.00000      0.00000      0.00000      0.00000
     -0.74176      0.00000      0.00000      0.00000      0.00000
     -0.74059      0.00000      0.00000      0.00000      0.00000
     -0.73943      0.00000      0.00000      0.00000      0.00000
     -0.73826      0.00014      0.00014      0.00000     -0.00000
     -0.73709      0.00026      0.00026      0.00000     -0.00000
     -0.73592      0.00047      0.00047      0.00000     -0.00000
     -0.73476      0.00083      0.00083      0.00000     -0.00000
     -0.73359      0.00143      0.00143      0.00000     -0.00000
     -0.73242      0.00238      0.00238      0.00000     -0.00000
     -0.73125      0.00527      0.00521      0.00006     -0.00000
     -0.73009      0.00867      0.00855      0.00012     -0.00000
     -0.72892      0.01391      0.01370      0.00021     -0.00000
     -0.72775      0.02179      0.02143      0.00036     -0.00000
     -0.72658      0.03336      0.03274      0.00062     -0.00000
     -0.72541      0.04990      0.04889      0.00101     -0.00000
     -0.72425      0.07295      0.07134      0.00161     -0.00000
     -0.72308      0.10422      0.10174      0.00248     -0.00000
     -0.72191      0.14551      0.14179      0.00372     -0.00000
     -0.72074      0.19852      0.19310      0.00542     -0.00000
     -0.71958      0.26461      0.25695      0.00767     -0.00000
     -0.71841      0.34447      0.33395      0.01052     -0.00000
     -0.71724      0.43785      0.42383      0.01403     -0.00000
     -0.71607      0.54709      0.52830      0.01876      0.00003
     -0.71491      0.66463      0.64065      0.02393      0.00006
     -0.71374      0.78886      0.75894      0.02982      0.00010
     -0.71257      0.91518      0.87859      0.03641      0.00018
     -0.71140      1.03859      0.99458      0.04371      0.00031
     -0.71024      1.15448      1.10219      0.05179      0.00050
     -0.70907      1.25948      1.19779      0.06088      0.00080
     -0.70790      1.35228      1.27967      0.07138      0.00123
     -0.70673      1.43426      1.34858      0.08384      0.00185
     -0.70556      1.50957      1.40790      0.09899      0.00268
     -0.70440      1.58727      1.46500      0.11846      0.00381
     -0.70323      1.67230      1.52507      0.14201      0.00522
     -0.70206      1.77429      1.59656      0.17077      0.00696
     -0.70089      1.89989      1.68577      0.20509      0.00902
     -0.69973      2.05252      1.79625      0.24489      0.01137
     -0.69856      2.23124      1.92773      0.28956      0.01394
     -0.69739      2.43041      2.07575      0.33800      0.01665
     -0.69622      2.64078      2.23227      0.38911      0.01939
     -0.69506      2.85104      2.38733      0.44148      0.02222
     -0.69389      3.04603      2.52791      0.49329      0.02483
     -0.69272      3.21555      2.64427      0.54399      0.02728
     -0.69155      3.35200      2.72900      0.59341      0.02958
     -0.69039      3.45210      2.77823      0.64204      0.03183
     -0.68922      3.51988      2.79476      0.69094      0.03418
     -0.68805      3.56490      2.78417      0.74352      0.03721
     -0.68688      3.59262      2.75310      0.79871      0.04081
     -0.68571      3.61802      2.71185      0.86053      0.04564
     -0.68455      3.64946      2.66931      0.92811      0.05204
     -0.68338      3.69292      2.62948      1.00291      0.06054
     -0.68221      3.76261      2.60519      1.08579      0.07162
     -0.68104      3.85695      2.59301      1.17798      0.08597
     -0.67988      3.97666      2.59321      1.27935      0.10411
     -0.67871      4.12122      2.60346      1.39168      0.12608
     -0.67754      4.29318      2.62134      1.51863      0.15322
     -0.67637      4.48940      2.64340      1.66128      0.18472
     -0.67521      4.71129      2.66659      1.82343      0.22127
     -0.67404      4.95863      2.68783      2.00771      0.26309
     -0.67287      5.23014      2.70414      2.21563      0.31037
     -0.67170      5.52271      2.71257      2.44683      0.36332
     -0.67054      5.83091      2.71015      2.69852      0.42223
     -0.66937      6.14673      2.69412      2.96514      0.48747
     -0.66820      6.45186      2.65538      3.23710      0.55937
     -0.66703      6.75388      2.60866      3.50682      0.63840
     -0.66587      7.02656      2.54213      3.75993      0.72451
     -0.66470      7.25746      2.45663      3.98361      0.81722
     -0.66353      7.43469      2.35386      4.16555      0.91528
     -0.66236      7.54762      2.23626      4.29498      1.01639
     -0.66119      7.58744      2.10677      4.36363      1.11705
     -0.66003      7.54746      1.96848      4.36635      1.21262
     -0.65886      7.42333      1.82438      4.30143      1.29751
     -0.65769      7.21326      1.67706      4.17052      1.36568
     -0.65652      6.91022      1.52326      3.97576      1.41119
     -0.65536      6.53825      1.37776      3.73111      1.42939
     -0.65419      6.09183      1.23311      3.44182      1.41691
     -0.65302      5.58295      1.09091      3.11924      1.37279
     -0.65185      5.02682      0.95268      2.77556      1.29858
     -0.65069      4.44133      0.81993      2.42316      1.19823
     -0.64952      3.84600      0.69432      2.07399      1.07769
     -0.64835      3.25793      0.57643      1.73731      0.94420
     -0.64718      2.69520      0.46627      1.42412      0.80481
     -0.64602      2.18553      0.37364      1.14358      0.66831
     -0.64485      1.72960      0.29252      0.89719      0.53988
     -0.64368      1.33499      0.22356      0.68725      0.42417
     -0.64251      1.00437      0.16665      0.51366      0.32406
     -0.64134      0.73617      0.12109      0.37439      0.24069
     -0.64018      0.51598      0.08239      0.26068      0.17290
     -0.63901      0.35987      0.05724      0.18117      0.12147
     -0.63784      0.24001      0.03836      0.11894      0.08272
     -0.63667      0.15870      0.02519      0.07863      0.05488
     -0.63551      0.10196      0.01607      0.05053      0.03537
     -0.63434      0.06365      0.00996      0.03155      0.02215
     -0.63317      0.03491      0.00591      0.01620      0.01279
     -0.63200      0.01683      0.00183      0.00890      0.00610
     -0.63084      0.00925      0.00080      0.00517      0.00328
     -0.62967      0.00000      0.00000      0.00000      0.00000
     -0.62850      0.00000      0.00000      0.00000      0.00000
     -0.62733      0.00000      0.00000      0.00000      0.00000
     -0.62617      0.00000      0.00000      0.00000      0.00000
     -0.62500      0.00000      0.00000      0.00000      0.00000
     -0.62383      0.00000      0.00000      0.00000      0.00000
     -0.62266      0.00000      0.00000      0.00000      0.00000
     -0.62149      0.00000      0.00000      0.00000      0.00000
     -0.62033      0.00000      0.00000      0.00000      0.00000
     -0.61916      0.00000      0.00000      0.00000      0.00000
     -0.61799      0.00000      0.00000      0.00000      0.00000
     -0.61682      0.00000      0.00000      0.00000      0.00000
     -0.61566      0.00000      0.00000      0.00000      0.00000
     -0.61449      0.00000      0.00000      0.00000      0.00000
     -0.61332      0.00000      0.00000      0.00000      0.00000
     -0.61215      0.00000      0.00000      0.00000      0.00000
     -0.61099      0.00000      0.00000      0.00000      0.00000
     -0.60982      0.00000      0.00000      0.00000      0.00000
     -0.60865      0.00000      0.00000      0.00000      0.00000
     -0.60748      0.00000      0.00000      0.00000      0.00000
     -0.60632      0.00000      0.00000      0.00000      0.00000
     -0.60515      0.00000      0.00000      0.00000      0.00000
     -0.60398      0.00000      0.00000      0.00000      0.00000
     -0.60281      0.00000      0.00000      0.00000      0.00000
     -0.60164      0.00000      0.00000      0.00000      0.00000
     -0.60048      0.00000      0.00000      0.00000      0.00000
     -0.59931      0.00000      0.00000      0.00000      0.00000
     -0.59814      0.00000      0.00000      0.00000      0.00000
     -0.59697      0.00000      0.00000      0.00000      0.00000
     -0.59581      0.00000      0.00000      0.00000      0.00000
     -0.59464      0.00000      0.00000      0.00000      0.00000
     -0.59347      0.00000      0.00000      0.00000      0.00000
     -0.59230      0.00000      0.00000      0.00000      0.00000
     -0.59114      0.00000      0.00000      0.00000      0.00000
     -0.58997      0.00000      0.00000      0.00000      0.00000
     -0.58880      0.00000      0.00000      0.00000      0.00000
     -0.58763      0.00000      0.00000      0.00000      0.00000
     -0.58647      0.00000      0.00000      0.00000      0.00000
     -0.58530      0.00000      0.00000      0.00000      0.00000
     -0.58413      0.00000      0.00000      0.00000      0.00000
     -0.58296      0.00000      0.00000      0.00000      0.00000
     -0.58179      0.00000      0.00000      0.00000      0.00000
     -0.58063      0.00000      0.00000      0.00000      0.00000
     -0.57946      0.00000      0.00000      0.00000      0.00000
     -0.57829      0.00000      0.00000      0.00000      0.00000
     -0.57712      0.00000      0.00000      0.00000      0.00000
     -0.57596      0.00000      0.00000      0.00000      0.00000
     -0.57479      0.00000      0.00000      0.00000      0.00000
     -0.57362      0.00000      0.00000      0.00000      0.00000
     -0.57245      0.00000      0.00000      0.00000      0.00000
     -0.57129      0.00000      0.00000      0.00000      0.00000
     -0.57012      0.00000      0.00000      0.00000      0.00000
     -0.56895      0.00000      0.00000      0.00000      0.00000
     -0.56778      0.00000      0.00000      0.00000      0.00000
     -0.56662      0.00000      0.00000      0.00000      0.00000
     -0.56545      0.00000      0.00000      0.00000      0.00000
     -0.56428      0.00000      0.00000      0.00000      0.00000
     -0.56311      0.00000      0.00000      0.00000      0.00000
     -0.56195      0.00000      0.00000      0.00000      0.00000
     -0.56078      0.00000      0.00000      0.00000      0.00000
     -0.55961      0.00000      0.00000      0.00000      0.00000
     -0.55844      0.00000      0.00000      0.00000      0.00000
     -0.55727      0.00000      0.00000      0.00000      0.00000
     -0.55611      0.00000      0.00000      0.00000      0.00000
     -0.55494      0.00000      0.00000      0.00000      0.00000
     -0.55377      0.00000      0.00000      0.00000      0.00000
     -0.55260      0.00000      0.00000      0.00000      0.00000
     -0.55144      0.00000      0.00000      0.00000      0.00000
     -0.55027      0.00000      0.00000      0.00000      0.00000
     -0.54910      0.00000      0.00000      0.00000      0.00000
     -0.54793      0.00000      0.00000      0.00000      0.00000
     -0.54677      0.00000      0.00000      0.00000      0.00000
     -0.54560      0.00000      0.00000      0.00000      0.00000
     -0.54443      0.00000      0.00000      0.00000      0.00000
     -0.54326      0.00000      0.00000      0.00000      0.00000
     -0.54210      0.00000      0.00000      0.00000      0.00000
     -0.54093      0.00000      0.00000      0.00000      0.00000
     -0.53976      0.00000      0.00000      0.00000      0.00000
     -0.53859      0.00000      0.00000      0.00000      0.00000
     -0.53742      0.00000      0.00000      0.00000      0.00000
     -0.53626      0.00000      0.00000      0.00000      0.00000
     -0.53509      0.00000      0.00000      0.00000      0.00000
     -0.53392      0.00000      0.00000      0.00000      0.00000
     -0.53275      0.00000      0.00000      0.00000      0.00000
     -0.53159      0.00000      0.00000      0.00000      0.00000
     -0.53042      0.00000      0.00000      0.00000      0.00000
     -0.52925      0.00000      0.00000      0.00000      0.00000
     -0.52808      0.00000      0.00000      0.00000      0.00000
     -0.52692      0.00000      0.00000      0.00000      0.00000
     -0.52575      0.00000      0.00000      0.00000      0.00000
     -0.52458      0.00000      0.00000      0.00000      0.00000
     -0.52341      0.00000      0.00000      0.00000      0.00000
     -0.52225      0.00000      0.00000      0.00000      0.00000
     -0.52108      0.00000      0.00000      0.00000      0.00000
     -0.51991      0.00000      0.00000      0.00000      0.00000
     -0.51874      0.00000      0.00000      0.00000      0.00000
     -0.51757      0.00000      0.00000      0.00000      0.00000
     -0.51641      0.00000      0.00000      0.00000      0.00000
     -0.51524      0.00000      0.00000      0.00000      0.00000
     -0.51407      0.00000      0.00000      0.00000      0.00000
     -0.51290      0.00000      0.00000      0.00000      0.00000
     -0.51174      0.00000      0.00000      0.00000      0.00000
     -0.51057      0.00000      0.00000      0.00000      0.00000
     -0.50940      0.00000      0.00000      0.00000      0.00000
     -0.50823      0.00000      0.00000      0.00000      0.00000
     -0.50707      0.00000      0.00000      0.00000      0.00000
     -0.50590      0.00000      0.00000      0.00000      0.00000
     -0.50473      0.00000      0.00000      0.00000      0.00000
     -0.50356      0.00000      0.00000      0.00000      0.00000
     -0.50240      0.00000      0.00000      0.00000      0.00000
     -0.50123      0.00000      0.00000      0.00000      0.00000
     -0.50006      0.00000      0.00000      0.00000      0.00000
     -0.49889      0.00000      0.00000      0.00000      0.00000
     -0.49772      0.00000      0.00000      0.00000      0.00000
     -0.49656      0.00000      0.00000      0.00000      0.00000
     -0.49539      0.00000      0.00000      0.00000      0.00000
     -0.49422      0.00000      0.00000      0.00000      0.00000
     -0.49305      0.00000      0.00000      0.00000      0.00000
     -0.49189      0.00000      0.00000      0.00000      0.00000
     -0.49072      0.00000      0.00000      0.00000      0.00000
     -0.48955      0.00000      0.00000      0.00000      0.00000
     -0.48838      0.00000      0.00000      0.00000      0.00000
     -0.48722      0.00000      0.00000      0.00000      0.00000
     -0.48605      0.00000      0.00000      0.00000      0.00000
     -0.48488      0.00000      0.00000      0.00000      0.00000
     -0.48371      0.00000      0.00000      0.00000      0.00000
     -0.48255      0.00000      0.00000      0.00000      0.00000
     -0.48138      0.00000      0.00000      0.00000      0.00000
     -0.48021      0.00000      0.00000      0.00000      0.00000
     -0.47904      0.00000      0.00000      0.00000      0.00000
     -0.47788      0.00000      0.00000      0.00000      0.00000
     -0.47671      0.00000      0.00000      0.00000      0.00000
     -0.47554      0.00000      0.00000      0.00000      0.00000
     -0.47437      0.00000      0.00000      0.00000      0.00000
     -0.47320      0.00000      0.00000      0.00000      0.00000
     -0.47204      0.00000      0.00000      0.00000      0.00000
     -0.47087      0.00000      0.00000      0.00000      0.00000
     -0.46970      0.00000      0.00000      0.00000      0.00000
     -0.46853      0.00000      0.00000      0.00000      0.00000
     -0.46737      0.00000      0.00000      0.00000      0.00000
     -0.46620      0.00000      0.00000      0.00000      0.00000
     -0.46503      0.00000      0.00000      0.00000      0.00000
     -0.46386      0.00000      0.00000      0.00000      0.00000
     -0.46270      0.00000      0.00000      0.00000      0.00000
     -0.46153      0.00000      0.00000      0.00000      0.00000
     -0.46036      0.00000      0.00000      0.00000      0.00000
     -0.45919      0.00000      0.00000      0.00000      0.00000
     -0.45803      0.00000      0.00000      0.00000      0.00000
     -0.45686      0.00000      0.00000      0.00000      0.00000
     -0.45569      0.00000      0.00000      0.00000      0.00000
     -0.45452      0.00000      0.00000      0.00000      0.00000
     -0.45335      0.00000      0.00000      0.00000      0.00000
     -0.45219      0.00000      0.00000      0.00000      0.00000
     -0.45102      0.00000      0.00000      0.00000      0.00000
     -0.44985      0.00000      0.00000      0.00000      0.00000
     -0.44868      0.00000      0.00000      0.00000      0.00000
     -0.44752      0.00000      0.00000      0.00000      0.00000
     -0.44635      0.00000      0.00000      0.00000      0.00000
     -0.44518      0.00000      0.00000      0.00000      0.00000
     -0.44401      0.00000      0.00000      0.00000      0.00000
     -0.44285      0.00000      0.00000      0.00000      0.00000
     -0.44168      0.00000      0.00000      0.00000      0.00000
     -0.44051      0.00000      0.00000      0.00000      0.00000
     -0.43934      0.00000      0.00000      0.00000      0.00000
     -0.43818      0.00000      0.00000      0.00000      0.00000
     -0.43701      0.00000      0.00000      0.00000      0.00000
     -0.43584      0.00000      0.00000      0.00000      0.00000
     -0.43467      0.00000      0.00000      0.00000      0.00000
     -0.43350      0.00000      0.00000      0.00000      0.00000
     -0.43234      0.00000      0.00000      0.00000      0.00000
     -0.43117      0.00000      0.00000      0.00000      0.00000
     -0.43000      0.00000      0.00000      0.00000      0.00000
     -0.42883      0.00000      0.00000      0.00000      0.00000
     -0.42767      0.00000      0.00000      0.00000      0.00000
     -0.42650      0.00000      0.00000      0.00000      0.00000
     -0.42533      0.00000      0.00000      0.00000      0.00000
     -0.42416      0.00000      0.00000      0.00000      0.00000
     -0.42300      0.00000      0.00000      0.00000      0.00000
     -0.42183      0.00000      0.00000      0.00000      0.00000
     -0.42066      0.00000      0.00000      0.00000      0.00000
     -0.41949      0.00000      0.00000      0.00000      0.00000
     -0.41833      0.00000      0.00000      0.00000      0.00000
     -0.41716      0.00000      0.00000      0.00000      0.00000
     -0.41599      0.00000      0.00000      0.00000      0.00000
     -0.41482      0.00000      0.00000      0.00000      0.00000
     -0.41365      0.00000      0.00000      0.00000      0.00000
     -0.41249      0.00000      0.00000      0.00000      0.00000
     -0.41132      0.00000      0.00000      0.00000      0.00000
     -0.41015      0.00000      0.00000      0.00000      0.00000
     -0.40898      0.00000      0.00000      0.00000      0.00000
     -0.40782      0.00000      0.00000      0.00000      0.00000
     -0.40665      0.00000      0.00000      0.00000      0.00000
     -0.40548      0.00000      0.00000      0.00000      0.00000
     -0.40431      0.00000      0.00000      0.00000      0.00000
     -0.40315      0.00000      0.00000      0.00000      0.00000
     -0.40198      0.00000      0.00000      0.00000      0.00000
     -0.40081      0.00000      0.00000      0.00000      0.00000
     -0.39964      0.00000      0.00000      0.00000      0.00000
     -0.39848      0.00000      0.00000      0.00000      0.00000
     -0.39731      0.00000      0.00000      0.00000      0.00000
     -0.39614      0.00000      0.00000      0.00000      0.00000
     -0.39497      0.00000      0.00000      0.00000      0.00000
     -0.39381      0.00000      0.00000      0.00000      0.00000
     -0.39264      0.00000      0.00000      0.00000      0.00000
     -0.39147      0.00000      0.00000      0.00000      0.00000
     -0.39030      0.00000      0.00000      0.00000      0.00000
     -0.38913      0.00000      0.00000      0.00000      0.00000
     -0.38797      0.00000      0.00000      0.00000      0.00000
     -0.38680      0.00000      0.00000      0.00000      0.00000
     -0.38563      0.00000      0.00000      0.00000      0.00000
     -0.38446      0.00000      0.00000      0.00000      0.00000
     -0.38330      0.00000      0.00000      0.00000      0.00000
     -0.38213      0.00000      0.00000      0.00000      0.00000
     -0.38096      0.00000      0.00000      0.00000      0.00000
     -0.37979      0.00000      0.00000      0.00000      0.00000
     -0.37863      0.00000      0.00000      0.00000      0.00000
     -0.37746      0.00000      0.00000      0.00000      0.00000
     -0.37629      0.00000      0.00000      0.00000      0.00000
     -0.37512      0.00000      0.00000      0.00000      0.00000
     -0.37396      0.00000      0.00000      0.00000      0.00000
     -0.37279      0.00000      0.00000      0.00000      0.00000
     -0.37162      0.00000      0.00000      0.00000      0.00000
     -0.37045      0.00000      0.00000      0.00000      0.00000
     -0.36928      0.00000      0.00000      0.00000      0.00000
     -0.36812      0.00000      0.00000      0.00000      0.00000
     -0.36695      0.00000      0.00000      0.00000      0.00000
     -0.36578      0.00000      0.00000      0.00000      0.00000
     -0.36461      0.00000      0.00000      0.00000      0.00000
     -0.36345      0.00000      0.00000      0.00000      0.00000
     -0.36228      0.00000      0.00000      0.00000      0.00000
     -0.36111      0.00000      0.00000      0.00000      0.00000
     -0.35994      0.00000      0.00000      0.00000      0.00000
     -0.35878      0.00000      0.00000      0.00000      0.00000
     -0.35761      0.00000      0.00000      0.00000      0.00000
     -0.35644      0.00000      0.00000      0.00000      0.00000
     -0.35527      0.00000      0.00000      0.00000      0.00000
     -0.35411      0.00000      0.00000      0.00000      0.00000
     -0.35294      0.00000      0.00000      0.00000      0.00000
     -0.35177      0.00000      0.00000      0.00000      0.00000
     -0.35060      0.00000      0.00000      0.00000      0.00000
     -0.34943      0.00000      0.00000      0.00000      0.00000
     -0.34827      0.00000      0.00000      0.00000      0.00000
     -0.34710      0.00000      0.00000      0.00000      0.00000
     -0.34593      0.00000      0.00000      0.00000      0.00000
     -0.34476      0.00000      0.00000      0.00000      0.00000
     -0.34360      0.00000      0.00000      0.00000      0.00000
     -0.34243      0.00000      0.00000      0.00000      0.00000
     -0.34126      0.00000      0.00000      0.00000      0.00000
     -0.34009      0.00000      0.00000      0.00000      0.00000
     -0.33893      0.00000      0.00000      0.00000      0.00000
     -0.33776      0.00000      0.00000      0.00000      0.00000
     -0.33659      0.00000      0.00000      0.00000      0.00000
     -0.33542      0.00000      0.00000      0.00000      0.00000
     -0.33426      0.00000      0.00000      0.00000      0.00000
     -0.33309      0.00000      0.00000      0.00000      0.00000
     -0.33192      0.00000      0.00000      0.00000      0.00000
     -0.33075      0.00000      0.00000      0.00000      0.00000
     -0.32958      0.00000      0.00000      0.00000      0.00000
     -0.32842      0.00000      0.00000      0.00000      0.00000
     -0.32725      0.00000      0.00000      0.00000      0.00000
     -0.32608      0.00000      0.00000      0.00000      0.00000
     -0.32491      0.00000      0.00000      0.00000      0.00000
     -0.32375      0.00000      0.00000      0.00000      0.00000
     -0.32258      0.00000      0.00000      0.00000      0.00000
     -0.32141      0.00000      0.00000      0.00000      0.00000
     -0.32024      0.00000      0.00000      0.00000      0.00000
     -0.31908      0.00000      0.00000      0.00000      0.00000
     -0.31791      0.00000      0.00000      0.00000      0.00000
     -0.31674      0.00000      0.00000      0.00000      0.00000
     -0.31557      0.00000      0.00000      0.00000      0.00000
     -0.31441      0.00000      0.00000      0.00000      0.00000
     -0.31324      0.00000      0.00000      0.00000      0.00000
     -0.31207      0.00000      0.00000      0.00000      0.00000
     -0.31090      0.00000      0.00000      0.00000      0.00000
     -0.30973      0.00000      0.00000      0.00000      0.00000
     -0.30857      0.00000      0.00000      0.00000      0.00000
     -0.30740      0.00000      0.00000      0.00000      0.00000
     -0.30623      0.00000      0.00000      0.00000      0.00000
     -0.30506      0.00000      0.00000      0.00000      0.00000
     -0.30390      0.00000      0.00000      0.00000      0.00000
     -0.30273      0.00000      0.00000      0.00000      0.00000
     -0.30156      0.00000      0.00000      0.00000      0.00000
     -0.30039      0.00000      0.00000      0.00000      0.00000
     -0.29923      0.00000      0.00000      0.00000      0.00000
     -0.29806      0.00000      0.00000      0.00000      0.00000
     -0.29689      0.00000      0.00000      0.00000      0.00000
     -0.29572      0.00000      0.00000      0.00000      0.00000
     -0.29456      0.00000      0.00000      0.00000      0.00000
     -0.29339      0.00000      0.00000      0.00000      0.00000
     -0.29222      0.00000      0.00000      0.00000      0.00000
     -0.29105      0.00000      0.00000      0.00000      0.00000
     -0.28989      0.00000      0.00000      0.00000      0.00000
     -0.28872      0.00000      0.00000      0.00000      0.00000
     -0.28755      0.00000      0.00000      0.00000      0.00000
     -0.28638      0.00000      0.00000      0.00000      0.00000
     -0.28521      0.00000      0.00000      0.00000      0.00000
     -0.28405      0.00000      0.00000      0.00000      0.00000
     -0.28288      0.00000      0.00000      0.00000      0.00000
     -0.28171      0.00000      0.00000      0.00000      0.00000
     -0.28054      0.00000      0.00000      0.00000      0.00000
     -0.27938      0.00000      0.00000      0.00000      0.00000
     -0.27821      0.00000      0.00000      0.00000      0.00000
     -0.27704      0.00514      0.00440      0.00032      0.00042
     -0.27587      0.00961      0.00823      0.00059      0.00079
     -0.27471      0.01745      0.01494      0.00107      0.00143
     -0.27354      0.03076      0.02635      0.00189      0.00253
     -0.27237      0.05265      0.04509      0.00323      0.00433
     -0.27120      0.08749      0.07493      0.00537      0.00719
     -0.27004      0.14116      0.12090      0.00866      0.01160
     -0.26887      0.22113      0.18938      0.01357      0.01817
     -0.26770      0.33630      0.28803      0.02064      0.02764
     -0.26653      0.49851      0.42657      0.03101      0.04093
     -0.26536      0.71554      0.61212      0.04468      0.05873
     -0.26420      0.99752      0.85307      0.06261      0.08184
     -0.26303      1.35082      1.15470      0.08534      0.11077
     -0.26186      1.77711      1.51825      0.11322      0.14564
     -0.26069      2.27174      1.93944      0.14629      0.18602
     -0.25953      2.82251      2.40741      0.18424      0.23086
     -0.25836      3.41541      2.90531      0.23149      0.27862
     -0.25719      4.01660      3.40866      0.28109      0.32685
     -0.25602      4.59910      3.89040      0.33571      0.37298
     -0.25486      5.13654      4.32514      0.39671      0.41469
     -0.25369      5.59627      4.68297      0.46427      0.44903
     -0.25252      5.97341      4.95485      0.54328      0.47529
     -0.25135      6.24581      5.11899      0.63542      0.49140
     -0.25019      6.42690      5.18152      0.74726      0.49812
     -0.24902      6.53769      5.15517      0.88566      0.49686
     -0.24785      6.61134      5.06303      1.05822      0.49008
     -0.24668      6.68989      4.93632      1.27252      0.48105
     -0.24551      6.82764      4.81366      1.53992      0.47405
     -0.24435      7.06187      4.73036      1.85907      0.47245
     -0.24318      7.43932      4.72462      2.23432      0.48038
     -0.24201      7.99378      4.82909      2.66344      0.50125
     -0.24084      8.74999      5.07143      3.14063      0.53794
     -0.23968      9.71025      5.46520      3.65326      0.59180
     -0.23851     10.86626      6.01614      4.18676      0.66335
     -0.23734     12.19064      6.71541      4.72365      0.75158
     -0.23617     13.63949      7.53962      5.24591      0.85396
     -0.23501     15.15477      8.45111      5.73716      0.96650
     -0.23384     16.66834      9.39983      6.18456      1.08395
     -0.23267     18.11313     10.33223      6.58025      1.20065
     -0.23150     19.41193     11.18091      6.92133      1.30969
     -0.23034     20.50669     11.89181      7.20959      1.40530
     -0.22917     21.32910     12.40031      7.44814      1.48065
     -0.22800     21.90460     12.72292      7.64507      1.53661
     -0.22683     22.18897     12.81964      7.80087      1.56846
     -0.22566     22.19348     12.70281      7.91427      1.57640
     -0.22450     21.94339     12.40220      7.97904      1.56215
     -0.22333     21.47323     11.96016      7.98442      1.52866
     -0.22216     20.82178     11.42531      7.91691      1.47956
     -0.22099     20.02769     10.84593      7.76304      1.41873
     -0.21983     19.12636     10.26411      7.51239      1.34985
     -0.21866     18.13855      9.70453      7.15853      1.27549
     -0.21749     17.11296      9.20370      6.70945      1.19981
     -0.21632     16.05381      8.75667      6.17350      1.12364
     -0.21516     14.97734      8.35925      5.56983      1.04826
     -0.21399     13.89573      7.99848      4.92290      0.97436
     -0.21282     12.81776      7.65588      4.25975      0.90213
     -0.21165     11.74942      7.31095      3.60701      0.83146
     -0.21049     10.68356      6.94297      2.97883      0.76176
     -0.20932      9.65015      6.54002      2.41683      0.69330
     -0.20815      8.63877      6.09127      1.92152      0.62598
     -0.20698      7.63006      5.58045      1.49209      0.55752
     -0.20582      6.68054      5.04590      1.14201      0.49263
     -0.20465      5.74135      4.45560      0.85852      0.42723
     -0.20348      4.90298      3.88295      0.65121      0.36882
     -0.20231      4.13058      3.31125      0.50463      0.31470
     -0.20114      3.44691      2.76324      0.41646      0.26722
     -0.19998      2.87205      2.25886      0.38467      0.22852
     -0.19881      2.42910      1.81831      0.40973      0.20106
     -0.19764      2.09657      1.43782      0.47446      0.18429
     -0.19647      1.96692      1.14986      0.63178      0.18528
     -0.19531      1.99853      0.94109      0.85531      0.20213
     -0.19414      2.19882      0.81112      1.15167      0.23604
     -0.19297      2.54815      0.74392      1.51809      0.28613
     -0.19180      3.09059      0.76614      1.96904      0.35540
     -0.19064      3.77791      0.85127      2.48645      0.44019
     -0.18947      4.58766      0.99420      3.05547      0.53799
     -0.18830      5.48750      1.18928      3.65323      0.64499
     -0.18713      6.43618      1.43018      4.24978      0.75623
     -0.18597      7.38574      1.70961      4.81028      0.86585
     -0.18480      8.27132      2.00682      5.29798      0.96652
     -0.18363      9.07458      2.34070      5.67929      1.05458
     -0.18246      9.72721      2.67869      5.92575      1.12277
     -0.18129     10.19253      3.00670      6.01895      1.16687
     -0.18013     10.45174      3.30916      5.95729      1.18529
     -0.17896     10.48522      3.56789      5.74127      1.17606
     -0.17779     10.29988      3.76630      5.39249      1.14109
     -0.17662      9.91321      3.88961      4.94002      1.08358
     -0.17546      9.35515      3.92713      4.41976      1.00825
     -0.17429      8.66571      3.87388      3.87085      0.92098
     -0.17312      7.89212      3.73168      3.33216      0.82828
     -0.17195      7.08565      3.50939      2.83937      0.73689
     -0.17079      6.29830      3.22216      2.42280      0.65334
     -0.16962      5.57940      2.88987      2.10603      0.58350
     -0.16845      4.97516      2.53594      1.90636      0.53286
     -0.16728      4.51703      2.18139      1.83125      0.50439
     -0.16612      4.22916      1.84689      1.88171      0.50056
     -0.16495      4.12129      1.54841      2.05112      0.52176
     -0.16378      4.18966      1.29665      2.32639      0.56663
     -0.16261      4.41292      1.09682      2.68444      0.63167
     -0.16144      4.76082      0.94920      3.09947      0.71215
     -0.16028      5.16504      0.84591      3.52052      0.79860
     -0.15911      5.64235      0.79102      3.95935      0.89198
     -0.15794      6.10429      0.77048      4.35381      0.98000
     -0.15677      6.51381      0.77747      4.67889      1.05746
     -0.15561      6.83402      0.80510      4.90985      1.11908
     -0.15444      7.07369      0.85077      5.05662      1.16630
     -0.15327      7.22044      0.90939      5.11302      1.19804
     -0.15210      7.28643      0.97852      5.09163      1.21627
     -0.15094      7.28632      1.04520      5.01581      1.22531
     -0.14977      7.27591      1.12981      4.91349      1.23260
     -0.14860      7.26357      1.21227      4.80992      1.24138
     -0.14743      7.27340      1.28822      4.72829      1.25689
     -0.14627      7.31968      1.35240      4.68452      1.28276
     -0.14510      7.40802      1.39949      4.68646      1.32208
     -0.14393      7.53259      1.42509      4.73278      1.37471
     -0.14276      7.68363      1.42669      4.81582      1.44112
     -0.14159      7.84801      1.40428      4.92300      1.52072
     -0.14043      8.01307      1.36063      5.03977      1.61266
     -0.13926      8.16913      1.30100      5.15199      1.71613
     -0.13809      8.31115      1.23241      5.24783      1.83091
     -0.13692      8.43676      1.16253      5.31863      1.95560
     -0.13576      8.54825      1.09851      5.35985      2.08989
     -0.13459      8.64512      1.04578      5.36788      2.23146
     -0.13342      8.72723      1.00730      5.34218      2.37774
     -0.13225      8.76852      0.98163      5.26536      2.52153
     -0.13109      8.81394      0.96999      5.17842      2.66553
     -0.12992      8.81480      0.96505      5.05250      2.79725
     -0.12875      8.75830      0.96098      4.88764      2.90968
     -0.12758      8.63163      0.95170      4.68399      2.99593
     -0.12642      8.42515      0.93201      4.44291      3.05023
     -0.12525      8.13517      0.89829      4.16799      3.06888
     -0.12408      7.76569      0.84907      3.86564      3.05099
     -0.12291      7.32883      0.78502      3.54506      2.99876
     -0.12174      6.84389      0.70875      3.21773      2.91741
     -0.12058      6.31984      0.61864      2.88984      2.81137
     -0.11941      5.81543      0.53295      2.58651      2.69597
     -0.11824      5.33290      0.44724      2.31081      2.57485
     -0.11707      4.88850      0.36595      2.06757      2.45498
     -0.11591      4.48836      0.29237      1.85551      2.34048
     -0.11474      4.14606      0.22853      1.68382      2.23371
     -0.11357      3.84313      0.17505      1.53633      2.13175
     -0.11240      3.58439      0.13222      1.41826      2.03391
     -0.11124      3.34155      0.09877      1.31131      1.93147
     -0.11007      3.11568      0.07339      1.21663      1.82567
     -0.10890      2.88748      0.05453      1.12377      1.70919
     -0.10773      2.65103      0.04071      1.02978      1.58054
     -0.10657      2.40483      0.03064      0.93387      1.44032
     -0.10540      2.14219      0.02311      0.83009      1.28898
     -0.10423      1.88842      0.01482      0.73764      1.13597
     -0.10306      1.63939      0.01196      0.64656      0.98087
     -0.10190      1.39932      0.00868      0.56078      0.82986
     -0.10073      1.19037      0.00693      0.48872      0.69472
     -0.09956      1.00267      0.00538      0.42535      0.57194
     -0.09839      0.83910      0.00405      0.37105      0.46401
     -0.09722      0.69748      0.00296      0.32440      0.37012
     -0.09606      0.58193      0.00210      0.28568      0.29415
     -0.09489      0.48551      0.00145      0.25211      0.23195
     -0.09372      0.40498      0.00097      0.22220      0.18182
     -0.09255      0.33719      0.00063      0.19473      0.14184
     -0.09139      0.27945      0.00040      0.16894      0.11012
     -0.09022      0.22822      0.00024      0.14443      0.08355
     -0.08905      0.18585      0.00014      0.12142      0.06429
     -0.08788      0.14256     -0.00000      0.09599      0.04656
     -0.08672      0.11368     -0.00000      0.07832      0.03536
     -0.08555      0.08848     -0.00000      0.06216      0.02632
     -0.08438      0.06558     -0.00000      0.04800      0.01758
     -0.08321      0.04882     -0.00000      0.03604      0.01278
     -0.08205      0.03535     -0.00000      0.02633      0.00901
     -0.08088      0.02489     -0.00000      0.01872      0.00617
     -0.07971      0.01705     -0.00000      0.01295      0.00410
     -0.07854      0.01136     -0.00000      0.00871      0.00265
     -0.07737      0.00737     -0.00000      0.00571      0.00166
     -0.07621      0.00465     -0.00000      0.00364      0.00101
     -0.07504      0.00285     -0.00000      0.00226      0.00060
     -0.07387      0.00074     -0.00000      0.00074      0.00000
     -0.07270      0.00045     -0.00000      0.00045      0.00000
     -0.07154      0.00027     -0.00000      0.00027      0.00000
     -0.07037      0.00000      0.00000      0.00000      0.00000
     -0.06920      0.00000      0.00000      0.00000      0.00000
     -0.06803      0.00000      0.00000      0.00000      0.00000
     -0.06687      0.00000      0.00000      0.00000      0.00000
     -0.06570      0.00000      0.00000      0.00000      0.00000
     -0.06453      0.00000      0.00000      0.00000      0.00000
     -0.06336      0.00000      0.00000      0.00000      0.00000
     -0.06220      0.00000      0.00000      0.00000      0.00000
     -0.06103      0.00000      0.00000      0.00000      0.00000
     -0.05986      0.00000      0.00000      0.00000      0.00000
     -0.05869      0.00000      0.00000      0.00000      0.00000
     -0.05752      0.00000      0.00000      0.00000      0.00000
     -0.05636      0.00000      0.00000      0.00000      0.00000
     -0.05519      0.00000      0.00000      0.00000      0.00000
     -0.05402      0.00000      0.00000      0.00000      0.00000
     -0.05285      0.00000      0.00000      0.00000      0.00000
     -0.05169      0.00000      0.00000      0.00000      0.00000
     -0.05052      0.00000      0.00000      0.00000      0.00000
     -0.04935      0.00000      0.00000      0.00000      0.00000
     -0.04818      0.00000      0.00000      0.00000      0.00000
     -0.04702      0.00000      0.00000      0.00000      0.00000
     -0.04585      0.00000      0.00000      0.00000      0.00000
     -0.04468      0.00000      0.00000      0.00000      0.00000
     -0.04351      0.00000      0.00000      0.00000      0.00000
     -0.04235      0.00000      0.00000      0.00000      0.00000
     -0.04118      0.00000      0.00000      0.00000      0.00000
     -0.04001      0.00000      0.00000      0.00000      0.00000
     -0.03884      0.00000      0.00000      0.00000      0.00000
     -0.03767      0.00000      0.00000      0.00000      0.00000
     -0.03651      0.00000      0.00000      0.00000      0.00000
     -0.03534      0.00000      0.00000      0.00000      0.00000
     -0.03417      0.00000      0.00000      0.00000      0.00000
     -0.03300      0.00000      0.00000      0.00000      0.00000
     -0.03184      0.00000      0.00000      0.00000      0.00000
     -0.03067      0.00000      0.00000      0.00000      0.00000
     -0.02950      0.00000      0.00000      0.00000      0.00000
     -0.02833      0.00000      0.00000      0.00000      0.00000
     -0.02717      0.00000      0.00000      0.00000      0.00000
     -0.02600      0.00000      0.00000      0.00000      0.00000
     -0.02483      0.00000      0.00000      0.00000      0.00000
     -0.02366      0.00000      0.00000      0.00000      0.00000
     -0.02250      0.00000      0.00000      0.00000      0.00000
     -0.02133      0.00000      0.00000      0.00000      0.00000
     -0.02016      0.00000      0.00000      0.00000      0.00000
     -0.01899      0.00000      0.00000      0.00000      0.00000
     -0.01783      0.00000      0.00000      0.00000      0.00000
     -0.01666      0.00000      0.00000      0.00000      0.00000
     -0.01549      0.00000      0.00000      0.00000      0.00000
     -0.01432      0.00000      0.00000      0.00000      0.00000
     -0.01315      0.00000      0.00000      0.00000      0.00000
     -0.01199      0.00000      0.00000      0.00000      0.00000
     -0.01082      0.00000      0.00000      0.00000      0.00000
     -0.00965      0.00000      0.00000      0.00000      0.00000
     -0.00848      0.00000      0.00000      0.00000      0.00000
     -0.00732      0.00000      0.00000      0.00000      0.00000
     -0.00615      0.00000      0.00000      0.00000      0.00000
     -0.00498      0.00000      0.00000      0.00000      0.00000
     -0.00381      0.00000      0.00000      0.00000      0.00000
     -0.00265      0.00000      0.00000      0.00000      0.00000
     -0.00148      0.00000      0.00000      0.00000      0.00000
     -0.00031      0.00000      0.00000      0.00000      0.00000
      0.00086      0.00000      0.00000      0.00000      0.00000
      0.00202      0.00000      0.00000      0.00000      0.00000
      0.00319      0.00000      0.00000      0.00000      0.00000
      0.00436      0.00000      0.00000      0.00000      0.00000
      0.00553      0.00000      0.00000      0.00000      0.00000
      0.00670      0.00000      0.00000      0.00000      0.00000
      0.00786      0.00000      0.00000      0.00000      0.00000
      0.00903      0.00000      0.00000      0.00000      0.00000
      0.01020      0.00000      0.00000      0.00000      0.00000
      0.01137      0.00000      0.00000      0.00000      0.00000
      0.01253      0.00000      0.00000      0.00000      0.00000
      0.01370      0.00000      0.00000      0.00000      0.00000
      0.01487      0.00000      0.00000      0.00000      0.00000
      0.01604      0.00000      0.00000      0.00000      0.00000
      0.01720      0.00000      0.00000      0.00000      0.00000
      0.01837      0.00000      0.00000      0.00000      0.00000
      0.01954      0.00000      0.00000      0.00000      0.00000
      0.02071      0.00000      0.00000      0.00000      0.00000
      0.02187      0.00000      0.00000      0.00000      0.00000
      0.02304      0.00000      0.00000      0.00000      0.00000
      0.02421      0.00000      0.00000      0.00000      0.00000
      0.02538      0.00000      0.00000      0.00000      0.00000
      0.02655      0.00000      0.00000      0.00000      0.00000
      0.02771      0.00000      0.00000      0.00000      0.00000
      0.02888      0.00000      0.00000      0.00000      0.00000
      0.03005      0.00000      0.00000      0.00000      0.00000
      0.03122      0.00000      0.00000      0.00000      0.00000
      0.03238      0.00000      0.00000      0.00000      0.00000
      0.03355      0.00000      0.00000      0.00000      0.00000
      0.03472      0.00000      0.00000      0.00000      0.00000
      0.03589      0.00000      0.00000      0.00000      0.00000
      0.03705      0.00000      0.00000      0.00000      0.00000
      0.03822      0.00000      0.00000      0.00000      0.00000
      0.03939      0.00000      0.00000      0.00000      0.00000
      0.04056      0.00000      0.00000      0.00000      0.00000
      0.04172      0.00000      0.00000      0.00000      0.00000
      0.04289      0.00000      0.00000      0.00000      0.00000
      0.04406      0.00000      0.00000      0.00000      0.00000
      0.04523      0.00000      0.00000      0.00000      0.00000
      0.04640      0.00000      0.00000      0.00000      0.00000
      0.04756      0.00000      0.00000      0.00000      0.00000
      0.04873      0.00000      0.00000      0.00000      0.00000
      0.04990      0.00000      0.00000      0.00000      0.00000
      0.05107      0.00000      0.00000      0.00000      0.00000
      0.05223      0.00000      0.00000      0.00000      0.00000
      0.05340      0.00000      0.00000      0.00000      0.00000
      0.05457      0.00000      0.00000      0.00000      0.00000
      0.05574      0.00000      0.00000      0.00000      0.00000
      0.05690      0.00000      0.00000      0.00000      0.00000
      0.05807      0.00000      0.00000      0.00000      0.00000
      0.05924      0.00000      0.00000      0.00000      0.00000
      0.06041      0.00000      0.00000      0.00000      0.00000
      0.06157      0.00000      0.00000      0.00000      0.00000
      0.06274      0.00000      0.00000      0.00000      0.00000
      0.06391      0.00000      0.00000      0.00000      0.00000
      0.06508      0.00000      0.00000      0.00000      0.00000
      0.06625      0.00000      0.00000      0.00000      0.00000
      0.06741      0.00083      0.00083      0.00000      0.00000
      0.06858      0.00155      0.00155      0.00000      0.00000
      0.06975      0.00281      0.00281      0.00000      0.00000
      0.07092      0.00495      0.00495      0.00000      0.00000
      0.07208      0.00845      0.00845      0.00000      0.00000
      0.07325      0.01402      0.01402      0.00000      0.00000
      0.07442      0.02258      0.02258      0.00000      0.00000
      0.07559      0.03531      0.03531      0.00000      0.00000
      0.07675      0.05360      0.05360      0.00000      0.00000
      0.07792      0.07901      0.07901      0.00000      0.00000
      0.07909      0.11306      0.11306      0.00000      0.00000
      0.08026      0.15708      0.15708      0.00000      0.00000
      0.08142      0.21188      0.21188      0.00000      0.00000
      0.08259      0.27749      0.27749      0.00000      0.00000
      0.08376      0.35285      0.35285      0.00000      0.00000
      0.08493      0.43561      0.43561      0.00000      0.00000
      0.08609      0.52213      0.52213      0.00000      0.00000
      0.08726      0.60763      0.60763      0.00000      0.00000
      0.08843      0.68654      0.68654      0.00000      0.00000
      0.08960      0.75314      0.75314      0.00000      0.00000
      0.09077      0.80215      0.80215      0.00000      0.00000
      0.09193      0.82949      0.82949      0.00000      0.00000
      0.09310      0.83280      0.83280      0.00000      0.00000
      0.09427      0.81179      0.81179      0.00000      0.00000
      0.09544      0.76829      0.76829      0.00000      0.00000
      0.09660      0.70595      0.70595      0.00000      0.00000
      0.09777      0.62980      0.62980      0.00000      0.00000
      0.09894      0.54551      0.54551      0.00000      0.00000
      0.10011      0.46715      0.46679      0.00035      0.00001
      0.10127      0.39002      0.38936      0.00065      0.00001
      0.10244      0.32455      0.32336      0.00116      0.00002
      0.10361      0.27644      0.27439      0.00202      0.00004
      0.10478      0.25147      0.24800      0.00340      0.00007
      0.10594      0.25585      0.25019      0.00556      0.00011
      0.10711      0.29678      0.28778      0.00883      0.00017
      0.10828      0.38263      0.36876      0.01361      0.00026
      0.10945      0.52296      0.50220      0.02036      0.00040
      0.11062      0.72787      0.69770      0.02959      0.00057
      0.11178      1.00682      0.96426      0.04174      0.00081
      0.11295      1.36689      1.30860      0.05718      0.00111
      0.11412      1.81062      1.73310      0.07604      0.00148
      0.11529      2.33043      2.23034      0.09818      0.00191
      0.11645      2.92145      2.79597      0.12308      0.00239
      0.11762      3.55578      3.40306      0.14981      0.00291
      0.11879      4.20189      4.02143      0.17703      0.00344
      0.11996      4.82092      4.61387      0.20311      0.00394
      0.12112      5.37019      5.13954      0.22625      0.00439
      0.12229      5.80796      5.55851      0.24470      0.00475
      0.12346      6.09862      5.83669      0.25694      0.00499
      0.12463      6.21748      5.95045      0.26195      0.00509
      0.12579      6.15420      5.88988      0.25928      0.00503
      0.12696      5.91430      5.66028      0.24918      0.00484
      0.12813      5.51835      5.28134      0.23250      0.00451
      0.12930      4.99907      4.78437      0.21062      0.00409
      0.13047      4.39688      4.20803      0.18525      0.00360
      0.13163      3.75468      3.59342      0.15819      0.00307
      0.13280      3.11298      2.97928      0.13115      0.00255
      0.13397      2.50585      2.39822      0.10557      0.00205
      0.13514      1.95843      1.87431      0.08251      0.00160
      0.13630      1.48605      1.42223      0.06261      0.00122
      0.13747      1.09480      1.04778      0.04613      0.00090
      0.13864      0.78309      0.74946      0.03299      0.00064
      0.13981      0.54383      0.52047      0.02291      0.00044
      0.14097      0.36668      0.35093      0.01545      0.00030
      0.14214      0.24004      0.22973      0.01011      0.00020
      0.14331      0.15257      0.14601      0.00643      0.00012
      0.14448      0.09415      0.09010      0.00397      0.00008
      0.14564      0.05641      0.05398      0.00238      0.00005
      0.14681      0.03281      0.03140      0.00138      0.00003
      0.14798      0.00000      0.00000      0.00000      0.00000
      0.14915      0.00000      0.00000      0.00000      0.00000
      0.15032      0.00000      0.00000      0.00000      0.00000
      0.15148      0.00000      0.00000      0.00000      0.00000
      0.15265      0.00000      0.00000      0.00000      0.00000
      0.15382      0.00000      0.00000      0.00000      0.00000
      0.15499      0.00000      0.00000      0.00000      0.00000
      0.15615      0.00000      0.00000      0.00000      0.00000
      0.15732      0.00000      0.00000      0.00000      0.00000
      0.15849      0.02633      0.02310      0.00304      0.00019
      0.15966      0.04827      0.04234      0.00558      0.00035
      0.16082      0.08592      0.07536      0.00993      0.00063
      0.16199      0.14848      0.13023      0.01715      0.00109
      0.16316      0.24912      0.21851      0.02878      0.00183
      0.16433      0.40580      0.35594      0.04688      0.00298
      0.16549      0.64181      0.56295      0.07414      0.00471
      0.16666      0.98552      0.86444      0.11385      0.00724
      0.16783      1.46928      1.28876      0.16973      0.01079
      0.16900      2.12676      1.86545      0.24568      0.01562
      0.17016      2.98885      2.62163      0.34527      0.02195
      0.17133      4.07817      3.57711      0.47111      0.02995
      0.17250      5.40258      4.73880      0.62411      0.03967
      0.17367      6.94882      6.09506      0.80273      0.05103
      0.17484      8.67751      7.61136      1.00243      0.06372
      0.17600     10.52093      9.22829      1.21538      0.07726
      0.17717     12.38475     10.86311      1.43069      0.09095
      0.17834     14.15451     12.41543      1.63513      0.10395
      0.17951     15.70641     13.77666      1.81441      0.11534
      0.18067     16.92128     14.84227      1.95475      0.12426
      0.18184     17.69962     15.52498      2.04466      0.12998
      0.18301     17.97501     15.76654      2.07647      0.13200
      0.18418     17.72347     15.54590      2.04742      0.13015
      0.18534     16.96691     14.88229      1.96002      0.12460
      0.18651     15.76998     13.83242      1.82175      0.11581
      0.18768     14.23095     12.48249      1.64396      0.10451
      0.18885     12.46842     10.93650      1.44035      0.09156
      0.19001     10.60628      9.30315      1.22524      0.07789
      0.19118      8.75969      7.68345      1.01192      0.06433
      0.19235      7.02408      6.16107      0.81142      0.05158
      0.19352      5.49362      4.81437      0.63895      0.04030
      0.19469      4.17974      3.65833      0.49080      0.03062
      0.19585      3.11608      2.71916      0.37417      0.02275
      0.19702      2.30462      1.99709      0.29084      0.01669
      0.19819      1.73624      1.48190      0.24199      0.01236
      0.19936      1.39806      1.15927      0.22917      0.00963
      0.20052      1.27957      1.01603      0.25515      0.00839
      0.20169      1.38263      1.04623      0.32783      0.00857
      0.20286      1.70457      1.24509      0.44934      0.01014
      0.20403      2.26085      1.61816      0.62956      0.01314
      0.20519      3.06770      2.17306      0.87702      0.01761
      0.20636      4.08991      2.87315      1.19351      0.02325
      0.20753      5.45473      3.82596      1.59782      0.03096
      0.20870      7.06981      4.94917      2.08061      0.04003
      0.20986      8.90664      6.22003      2.63631      0.05030
      0.21103     10.90963      7.59613      3.25210      0.06140
      0.21220     12.99688      9.01611      3.90792      0.07285
      0.21337     15.06525     10.40356      4.57768      0.08401
      0.21454     16.99927     11.67381      5.23126      0.09420
      0.21570     18.68315     12.74299      5.83742      0.10274
      0.21687     20.01371     13.53793      6.36675      0.10904
      0.21804     20.91225     14.00509      6.79450      0.11265
      0.21921     21.33299     14.11712      7.10249      0.11338
      0.22037     21.26690     13.87554      7.28013      0.11123
      0.22154     20.74020     13.30947      7.32428      0.10646
      0.22271     19.80839     12.47055      7.23835      0.09948
      0.22388     18.54716     11.42529      7.03101      0.09087
      0.22504     17.04236     10.24641      6.71474      0.08121
      0.22621     15.38060      9.00471      6.30480      0.07109
      0.22738     13.64212      7.76268      5.81843      0.06101
      0.22855     11.89625      6.57045      5.27440      0.05140
      0.22971     10.19952      5.46436      4.69263      0.04253
      0.23088      8.59561      4.46737      4.09365      0.03460
      0.23205      7.13616      3.60797      3.50015      0.02803
      0.23322      5.82025      2.86931      2.92850      0.02244
      0.23439      4.67582      2.26064      2.39713      0.01805
      0.23555      3.71529      1.78037      1.91998      0.01494
      0.23672      2.94774      1.42742      1.50711      0.01322
      0.23789      2.38079      1.20323      1.16448      0.01307
      0.23906      2.02247      1.11331      0.89435      0.01481
      0.24022      1.88282      1.16804      0.69598      0.01880
      0.24139      1.92111      1.34469      0.55116      0.02525
      0.24256      2.28399      1.75486      0.49367      0.03546
      0.24373      2.89863      2.35557      0.49359      0.04948
      0.24489      3.78108      3.16599      0.54730      0.06779
      0.24606      4.93635      4.19550      0.65020      0.09066
      0.24723      6.35261      5.43820      0.79638      0.11803
      0.24840      7.99550      6.86802      0.97811      0.14937
      0.24956      9.80457      8.42712      1.19339      0.18406
      0.25073     11.72562     10.06534      1.44015      0.22012
      0.25190     13.62550     11.67322      1.69648      0.25579
      0.25307     15.39058     13.14578      1.95587      0.28893
      0.25424     16.91181     14.37932      2.21503      0.31747
      0.25540     18.09095     15.27493      2.47643      0.33959
      0.25657     18.86835     15.76365      2.75055      0.35416
      0.25774     19.22746     15.80957      3.05704      0.36085
      0.25891     19.20198     15.41716      3.42455      0.36027
      0.26007     18.91745     14.65620      3.90634      0.35491
      0.26124     18.44196     13.57695      4.51917      0.34584
      0.26241     17.94827     12.30160      5.31030      0.33637
      0.26358     17.59028     10.95264      6.30826      0.32939
      0.26474     17.50619      9.65313      7.52557      0.32749
      0.26591     17.80182      8.51556      8.95354      0.33272
      0.26708     18.53992      7.63390     10.55969      0.34633
      0.26825     19.73701      7.07923     12.28902      0.36876
      0.26941     21.39297      6.92298     14.06998      0.40001
      0.27058     23.41996      7.16138     15.81968      0.43890
      0.27175     25.75891      7.81639     17.45804      0.48448
      0.27292     28.33137      8.88053     18.91536      0.53548
      0.27408     31.06181     10.33082     20.14034      0.59066
      0.27525     33.88111     12.12882     21.10357      0.64872
      0.27642     36.72473     14.22002     21.79642      0.70829
      0.27759     39.52709     16.53363     22.22576      0.76770
      0.27876     42.21499     18.98380     22.40629      0.82490
      0.27992     44.63621     21.41538     22.34472      0.87610
      0.28109     46.85744     23.86617     22.06976      0.92151
      0.28226     48.66577     26.13981     21.56992      0.95604
      0.28343     49.96688     28.14775     20.84212      0.97700
      0.28459     50.68079     29.81527     19.88323      0.98229
      0.28576     50.75359     31.08587     18.69697      0.97075
      0.28693     50.16496     31.92251     17.30005      0.94240
      0.28810     48.93004     32.30597     15.72557      0.89849
      0.28926     47.09552     32.23145     14.02273      0.84134
      0.29043     44.73197     31.70511     12.25284      0.77401
      0.29160     41.92460     30.74193     10.48271      0.69996
      0.29277     38.76521     29.36563      8.77699      0.62259
      0.29393     35.34671     27.61056      7.19115      0.54500
      0.29510     31.76060     25.52437      5.76648      0.46976
      0.29627     28.09648     23.16999      4.52772      0.39878
      0.29744     24.39277     20.62059      3.43972      0.33246
      0.29861     20.85607     17.97794      2.60423      0.27390
      0.29977     17.48524     15.32969      1.93360      0.22195
      0.30094     14.35593     12.76962      1.40957      0.17675
      0.30211     11.52030     10.37228      1.00989      0.13813
      0.30328      9.04064      8.22308      0.71166      0.10590
      0.30444      6.93886      6.35258      0.50559      0.08069
      0.30561      5.19863      4.77851      0.35951      0.06061
      0.30678      3.81321      3.49970      0.26757      0.04593
      0.30795      2.63728      2.42922      0.17418      0.03388
      0.30911      1.92781      1.70078      0.19616      0.03087
      0.31028      1.45702      1.16637      0.25762      0.03303
      0.31145      1.20616      0.79310      0.37167      0.04139
      0.31262      1.16210      0.54917      0.55555      0.05738
      0.31378      1.32025      0.40688      0.83050      0.08287
      0.31495      1.68484      0.34409      1.22074      0.12002
      0.31612      2.26665      0.34427      1.75126      0.17112
      0.31729      3.01717      0.33753      2.44202      0.23762
      0.31846      4.13190      0.48913      3.31969      0.32308
      0.31962      5.46493      0.66160      4.37729      0.42604
      0.32079      7.02848      0.87739      5.60546      0.54564
      0.32196      8.79526      1.14435      6.97213      0.67878
      0.32313     10.71809      1.47328      8.42445      0.82035
      0.32429     12.73424      1.87977      9.89101      0.96346
      0.32546     14.77397      2.38629     11.28769      1.09999
      0.32663     16.77207      3.02395     12.52664      1.22148
      0.32780     18.68047      3.83313     13.52716      1.32018
      0.32896     20.47896      4.86214     14.22670      1.39011
      0.33013     22.18081      6.16308     14.58978      1.42795
      0.33130     23.83104      7.78451     14.61308      1.43346
      0.33247     25.49602      9.76123     14.32529      1.40949
      0.33363     27.24563     12.10234     13.78183      1.36145
      0.33480     29.13108     14.77954     13.05523      1.29632
      0.33597     31.16298     17.71832     12.22319      1.22148
      0.33714     33.29524     20.79486     11.35680      1.14358
      0.33831     35.41924     23.84061     10.51101      1.06762
      0.33947     37.37114     26.65543      9.71927      0.99643
      0.34064     38.95187     29.02843      8.99274      0.93070
      0.34181     39.95675     30.76354      8.32393      0.86928
      0.34298     40.20898     31.70570      7.69331      0.80998
      0.34414     39.59030     31.76293      7.07707      0.75030
      0.34531     38.06255     30.91993      6.45442      0.68820
      0.34648     35.67597     29.24059      5.81279      0.62258
      0.34765     32.56274     26.85893      5.15027      0.55353
      0.34881     28.91788     23.96037      4.47528      0.48223
      0.34998     24.97161     20.75691      3.80402      0.41068
      0.35115     20.95900     17.46104      3.15669      0.34127
      0.35232     17.01656     14.25406      2.49214      0.27036
      0.35348     13.49835     11.30700      1.97688      0.21446
      0.35465     10.39774      8.70825      1.52252      0.16696
      0.35582      7.77694      6.51161      1.13847      0.12685
      0.35699      5.66887      4.74406      0.82877      0.09604
      0.35815      4.02446      3.36323      0.58677      0.07446
      0.35932      2.80537      2.33654      0.40627      0.06256
      0.36049      1.95285      1.61376      0.27820      0.06089
      0.36166      1.40955      1.14549      0.19355      0.07051
      0.36283      1.15231      0.91095      0.14631      0.09504
      0.36399      1.12054      0.85710      0.12861      0.13484
      0.36516      1.31731      0.98468      0.13825      0.19438
      0.36633      1.60108      1.17335      0.15248      0.27525
      0.36750      2.37783      1.75076      0.22877      0.39830
      0.36866      3.42243      2.54062      0.33121      0.55060
      0.36983      4.82788      3.59185      0.48530      0.75072
      0.37100      6.60636      4.93699      0.67484      0.99453
      0.37217      8.81595      6.60588      0.91805      1.29203
      0.37333     11.48078      8.60696      1.22390      1.64992
      0.37450     14.60193     10.92337      1.60213      2.07644
      0.37567     18.15427     13.50818      2.06374      2.58236
      0.37684     22.08628     16.28274      2.62168      3.18187
      0.37800     26.32313     19.13892      3.29144      3.89277
      0.37917     30.77239     21.94557      4.09121      4.73561
      0.38034     35.33108     24.55888      5.04094      5.73126
      0.38151     39.89245     26.83546      6.16015      6.89683
      0.38268     44.35053     28.64636      7.46397      8.24020
      0.38384     48.60156     29.89001      8.95772      9.75383
      0.38501     52.54211     30.50224     10.63065     11.40922
      0.38618     56.06508     30.46183     12.45009     13.15315
      0.38735     59.05579     29.79091     14.35743     14.90745
      0.38851     61.39755     28.55407     16.26968     16.57380
      0.38968     62.99424     26.85312     18.09515     18.04596
      0.39085     63.68241     24.78477     19.69310     19.20453
      0.39202     63.39284     22.48032     20.95661     19.95591
      0.39318     62.08048     20.06315     21.78643     20.23090
      0.39435     59.76437     17.64882     22.11644     19.99911
      0.39552     56.54133     15.34020     21.92624     19.27490
      0.39669     52.59029     13.22528     21.24797     18.11704
      0.39785     48.16488     11.37689     20.16571     16.62228
      0.39902     43.57410      9.85328     18.80719     14.91363
      0.40019     39.15307      8.69860     17.32885     13.12562
      0.40136     35.22779      7.94245     15.89653     11.38881
      0.40253     32.09208      7.59923     14.66997      9.82289
      0.40369     29.94190      7.66188     13.76681      8.51321
      0.40486     28.81157      8.04321     13.26103      7.50733
      0.40603     28.86234      8.83776     13.19758      6.82700
      0.40720     29.86085      9.87035     13.53257      6.45794
      0.40836     31.59473     11.04622     14.18565      6.36286
      0.40953     33.80492     12.25378     15.05858      6.49256
      0.41070     36.08943     13.32784     15.98348      6.77810
      0.41187     38.27928     14.26247     16.84231      7.17450
      0.41303     40.02575     14.88752     17.50967      7.62856
      0.41420     41.14967     15.13849     17.90256      8.10862
      0.41537     41.51095     14.98511     17.97478      8.55105
      0.41654     41.28062     14.44060     17.76820      9.07181
      0.41770     40.37831     13.53070     17.27584      9.57177
      0.41887     39.27067     12.37659     16.75845     10.13563
      0.42004     38.00768     11.04101     16.24216     10.72451
      0.42121     36.83561      9.62407     15.87361     11.33793
      0.42238     35.98819      8.21992     15.80480     11.96347
      0.42354     35.61183      6.90695     16.13181     12.57306
      0.42471     35.78365      5.73748     16.92406     13.12212
      0.42588     36.53177      4.74553     18.21650     13.56974
      0.42705     37.80565      3.94231     19.98817     13.87517
      0.42821     39.50868      3.32205     22.17925     14.00739
      0.42938     41.51198      2.86749     24.69411     13.95039
      0.43055     43.67536      2.55548     27.41397     13.70592
      0.43172     45.86550      2.36172     30.21035     13.29343
      0.43288     47.97022      2.26414     32.95849     12.74759
      0.43405     49.90725      2.24475     35.54870     12.11380
      0.43522     51.62636      2.29000     37.89367     11.44269
      0.43639     53.15259      2.38920     39.97428     10.78911
      0.43755     54.34356      2.50930     41.65783     10.17642
      0.43872     55.47648      2.72863     43.06587      9.68197
      0.43989     56.39121      2.97786     44.11610      9.29725
      0.44106     57.09767      3.25279     44.81601      9.02886
      0.44223     57.58927      3.54623     45.17505      8.86799
      0.44339     57.84938      3.84916     45.20710      8.79313
      0.44456     57.86390      4.15260     44.93680      8.77450
      0.44573     57.63695      4.44969     44.40761      8.77966
      0.44690     57.20480      4.73742     43.68819      8.77919
      0.44806     56.64309      5.01766     42.87387      8.75156
      0.44923     56.06328      5.29676     42.08050      8.68603
      0.45040     55.55451      5.58147     41.41938      8.55366
      0.45157     55.34662      5.88613     41.02481      8.43568
      0.45273     55.45801      6.21159     40.94888      8.29754
      0.45390     55.92993      6.55567     41.20940      8.16486
      0.45507     56.68176      6.90495     41.74179      8.03501
      0.45624     57.57266      7.23678     42.42052      7.91536
      0.45740     58.24430      7.51558     42.95201      7.77671
      0.45857     58.76381      7.71645     43.38633      7.66103
      0.45974     58.65119      7.79837     43.33575      7.51707
      0.46091     57.70695      7.73503     42.63636      7.33556
      0.46207     55.81850      7.51237     41.19046      7.11568
      0.46324     52.98574      7.13168     38.98546      6.86860
      0.46441     49.32604      6.61009     36.09757      6.61838
      0.46558     45.00286      5.97672     32.62785      6.39830
      0.46675     40.43807      5.27565     28.91056      6.25186
      0.46791     35.85210      4.54802     25.08883      6.21524
      0.46908     31.53901      3.83588     21.38555      6.31758
      0.47025     27.68570      3.17209     17.94822      6.56538
      0.47142     24.49670      2.57887     14.96779      6.95004
      0.47258     22.09433      2.08965     12.53435      7.47034
      0.47375     20.32506      1.69167     10.58489      8.04850
      0.47492     19.10841      1.38101      9.10596      8.62144
      0.47609     18.28359      1.14672      8.01803      9.11885
      0.47725     17.68569      0.97452      7.23741      9.47377
      0.47842     17.16464      0.84963      6.68279      9.63222
      0.47959     16.60842      0.75894      6.28864      9.56084
      0.48076     15.95717      0.69242      6.01351      9.25125
      0.48192     15.20707      0.64365      5.84280      8.72062
      0.48309     14.40445      0.60972      5.78638      8.00835
      0.48426     13.47123      0.56823      5.75215      7.15085
      0.48543     12.90162      0.57521      6.06920      6.25721
      0.48660     12.52819      0.59618      6.57338      5.35863
      0.48776     12.43790      0.63433      7.29292      4.51065
      0.48893     12.67493      0.69056      8.22958      3.75478
      0.49010     13.23337      0.76315      9.35410      3.11611
      0.49127     14.05681      0.84770     10.60578      2.60334
      0.49243     15.06677      0.94015     11.91290      2.21371
      0.49360     16.10769      1.02913     13.15058      1.92798
      0.49477     17.05265      1.10781     14.21897      1.72587
      0.49594     17.77679      1.16894     15.02102      1.58684
      0.49710     18.17491      1.20726     15.48189      1.48577
      0.49827     18.19367      1.22072     15.56511      1.40783
      0.49944     17.83090      1.21094     15.27683      1.34313
      0.50061     17.13914      1.18327     14.66706      1.28880
      0.50177     16.16449      1.14432     13.80606      1.21411
      0.50294     15.17537      1.10984     12.85293      1.21260
      0.50411     14.23404      1.08822     11.90519      1.24062
      0.50528     13.49186      1.09050     11.08630      1.31506
      0.50645     13.07478      1.12525     10.49855      1.45098
      0.50761     13.06734      1.19718     10.21048      1.65968
      0.50878     13.50180      1.30622     10.24871      1.94687
      0.50995     14.35353      1.44708     10.59532      2.31113
      0.51112     15.54341      1.60955     11.19086      2.74300
      0.51228     16.94667      1.77951     11.94249      3.22468
      0.51345     18.40750      1.94044     12.73627      3.73079
      0.51462     19.75736      2.07548     13.45183      4.23005
      0.51579     20.83501      2.16949     13.97760      4.68793
      0.51695     21.50540      2.21100     14.22439      5.07001
      0.51812     21.68447      2.19364     14.14461      5.34621
      0.51929     21.31871      2.11687     13.70925      5.49259
      0.52046     20.35938      1.98133     12.88626      5.49179
      0.52162     19.04849      1.80904     11.88304      5.35642
      0.52279     17.41999      1.60494     10.72661      5.08843
      0.52396     15.56017      1.38430      9.46460      4.71127
      0.52513     13.66114      1.16245      8.24427      4.25442
      0.52630     11.89665      0.95280      7.18793      3.75592
      0.52746     10.43791      0.76632      6.41679      3.25481
      0.52863      9.45040      0.61111      6.04998      2.78931
      0.52980      9.09210      0.49264      6.20503      2.39443
      0.53097      9.51256      0.41415      6.99815      2.10026
      0.53213     10.85046      0.37725      8.54214      1.93107
      0.53330     13.22723      0.38243     10.94003      1.90476
      0.53447     16.73514      0.42930     14.27349      2.03235
      0.53564     21.41986      0.51655     18.58598      2.31733
      0.53680     27.30235      0.64201     23.90404      2.75630
      0.53797     34.23156      0.80083     30.08873      3.34201
      0.53914     42.01049      0.98667     36.98404      4.03978
      0.54031     50.27793      1.18360     44.28019      4.81415
      0.54147     58.76339      1.39684     51.72594      5.64061
      0.54264     66.90567      1.60175     58.84349      6.46043
      0.54381     74.22187      1.78442     65.22729      7.21015
      0.54498     80.29126      1.93245     70.47247      7.88633
      0.54614     84.76166      2.03444     74.29458      8.43264
      0.54731     87.42327      2.08317     76.50729      8.83282
      0.54848     88.27797      2.07610     77.10981      9.09206
      0.54965     87.52341      2.01577     76.26849      9.23916
      0.55082     85.48710      1.90933     74.27123      9.30654
      0.55198     82.63799      1.76750     71.52435      9.34615
      0.55315     79.48133      1.60291     68.47030      9.40811
      0.55432     76.49337      1.42843     65.53017      9.53476
      0.55549     74.05663      1.25551     63.04803      9.75308
      0.55665     72.41489      1.09303     61.25184     10.07002
      0.55782     71.65449      0.94665     60.23621     10.47162
      0.55899     71.71242      0.81888     59.96738     10.92617
      0.56016     72.40639      0.70947     60.30640     11.39053
      0.56132     73.47806      0.61630     61.04349     11.81827
      0.56249     74.63936      0.53627     61.93539     12.16770
      0.56366     75.61310      0.46616     62.73889     12.40804
      0.56483     76.16186      0.40323     63.23599     12.52264
      0.56599     76.04869      0.34556     63.19749     12.50564
