#     PDOS  shell 4 (s) of atom 1 mg  (Mulliken)
#     E - Ef       total
# Ef =         0.3840051700
     -0.83401      0.00000
     -0.83284      0.00000
     -0.83167      0.00000
     -0.83050      0.00000
     -0.82933      0.00000
     -0.82817      0.00000
     -0.82700      0.00000
     -0.82583      0.00000
     -0.82466      0.00000
     -0.82350      0.00000
     -0.82233      0.00000
     -0.82116      0.00000
     -0.81999      0.00000
     -0.81883      0.00000
     -0.81766      0.00000
     -0.81649      0.00000
     -0.81532      0.00000
     -0.81416      0.00000
     -0.81299      0.00000
     -0.81182      0.00000
     -0.81065      0.00000
     -0.80948      0.00000
     -0.80832      0.00000
     -0.80715      0.00000
     -0.80598      0.00000
     -0.80481      0.00000
     -0.80365      0.00000
     -0.80248      0.00000
     -0.80131      0.00000
     -0.80014      0.00000
     -0.79898      0.00000
     -0.79781      0.00000
     -0.79664      0.00000
     -0.79547      0.00000
     -0.79431      0.00000
     -0.79314      0.00000
     -0.79197      0.00000
     -0.79080      0.00000
     -0.78963      0.00000
     -0.78847      0.00000
     -0.78730      0.00000
     -0.78613      0.00000
     -0.78496      0.00000
     -0.78380      0.00000
     -0.78263      0.00000
     -0.78146      0.00000
     -0.78029      0.00000
     -0.77913      0.00000
     -0.77796      0.00000
     -0.77679      0.00000
     -0.77562      0.00000
     -0.77446      0.00000
     -0.77329      0.00000
     -0.77212      0.00000
     -0.77095      0.00000
     -0.76978      0.00000
     -0.76862      0.00000
     -0.76745      0.00000
     -0.76628      0.00000
     -0.76511      0.00000
     -0.76395      0.00000
     -0.76278      0.00000
     -0.76161      0.00000
     -0.76044      0.00000
     -0.75928      0.00000
     -0.75811      0.00000
     -0.75694      0.00000
     -0.75577      0.00000
     -0.75461      0.00000
     -0.75344      0.00000
     -0.75227      0.00000
     -0.75110      0.00000
     -0.74994      0.00000
     -0.74877      0.00000
     -0.74760      0.00000
     -0.74643      0.00000
     -0.74526      0.00000
     -0.74410      0.00000
     -0.74293      0.00000
     -0.74176      0.00000
     -0.74059      0.00000
     -0.73943      0.00000
     -0.73826      0.00004
     -0.73709      0.00007
     -0.73592      0.00012
     -0.73476      0.00022
     -0.73359      0.00037
     -0.73242      0.00061
     -0.73125      0.00135
     -0.73009      0.00221
     -0.72892      0.00354
     -0.72775      0.00554
     -0.72658      0.00847
     -0.72541      0.01265
     -0.72425      0.01846
     -0.72308      0.02633
     -0.72191      0.03670
     -0.72074      0.04999
     -0.71958      0.06652
     -0.71841      0.08647
     -0.71724      0.10975
     -0.71607      0.13683
     -0.71491      0.16596
     -0.71374      0.19663
     -0.71257      0.22767
     -0.71140      0.25778
     -0.71024      0.28573
     -0.70907      0.31061
     -0.70790      0.33198
     -0.70673      0.35003
     -0.70556      0.36566
     -0.70440      0.38080
     -0.70323      0.39678
     -0.70206      0.41583
     -0.70089      0.43955
     -0.69973      0.46887
     -0.69856      0.50371
     -0.69739      0.54287
     -0.69622      0.58425
     -0.69506      0.62525
     -0.69389      0.66245
     -0.69272      0.69332
     -0.69155      0.71592
     -0.69039      0.72927
     -0.68922      0.73409
     -0.68805      0.73189
     -0.68688      0.72439
     -0.68571      0.71430
     -0.68455      0.70393
     -0.68338      0.69435
     -0.68221      0.68889
     -0.68104      0.68665
     -0.67988      0.68771
     -0.67871      0.69143
     -0.67754      0.69719
     -0.67637      0.70407
     -0.67521      0.71126
     -0.67404      0.71794
     -0.67287      0.72331
     -0.67170      0.72657
     -0.67054      0.72692
     -0.66937      0.72359
     -0.66820      0.71418
     -0.66703      0.70251
     -0.66587      0.68548
     -0.66470      0.66330
     -0.66353      0.63640
     -0.66236      0.60543
     -0.66119      0.57117
     -0.66003      0.53444
     -0.65886      0.49603
     -0.65769      0.45664
     -0.65652      0.41540
     -0.65536      0.37623
     -0.65419      0.33717
     -0.65302      0.29866
     -0.65185      0.26110
     -0.65069      0.22495
     -0.64952      0.19066
     -0.64835      0.15842
     -0.64718      0.12826
     -0.64602      0.10283
     -0.64485      0.08054
     -0.64368      0.06157
     -0.64251      0.04592
     -0.64134      0.03337
     -0.64018      0.02273
     -0.63901      0.01579
     -0.63784      0.01058
     -0.63667      0.00695
     -0.63551      0.00443
     -0.63434      0.00275
     -0.63317      0.00163
     -0.63200      0.00051
     -0.63084      0.00022
     -0.62967      0.00000
     -0.62850      0.00000
     -0.62733      0.00000
     -0.62617      0.00000
     -0.62500      0.00000
     -0.62383      0.00000
     -0.62266      0.00000
     -0.62149      0.00000
     -0.62033      0.00000
     -0.61916      0.00000
     -0.61799      0.00000
     -0.61682      0.00000
     -0.61566      0.00000
     -0.61449      0.00000
     -0.61332      0.00000
     -0.61215      0.00000
     -0.61099      0.00000
     -0.60982      0.00000
     -0.60865      0.00000
     -0.60748      0.00000
     -0.60632      0.00000
     -0.60515      0.00000
     -0.60398      0.00000
     -0.60281      0.00000
     -0.60164      0.00000
     -0.60048      0.00000
     -0.59931      0.00000
     -0.59814      0.00000
     -0.59697      0.00000
     -0.59581      0.00000
     -0.59464      0.00000
     -0.59347      0.00000
     -0.59230      0.00000
     -0.59114      0.00000
     -0.58997      0.00000
     -0.58880      0.00000
     -0.58763      0.00000
     -0.58647      0.00000
     -0.58530      0.00000
     -0.58413      0.00000
     -0.58296      0.00000
     -0.58179      0.00000
     -0.58063      0.00000
     -0.57946      0.00000
     -0.57829      0.00000
     -0.57712      0.00000
     -0.57596      0.00000
     -0.57479      0.00000
     -0.57362      0.00000
     -0.57245      0.00000
     -0.57129      0.00000
     -0.57012      0.00000
     -0.56895      0.00000
     -0.56778      0.00000
     -0.56662      0.00000
     -0.56545      0.00000
     -0.56428      0.00000
     -0.56311      0.00000
     -0.56195      0.00000
     -0.56078      0.00000
     -0.55961      0.00000
     -0.55844      0.00000
     -0.55727      0.00000
     -0.55611      0.00000
     -0.55494      0.00000
     -0.55377      0.00000
     -0.55260      0.00000
     -0.55144      0.00000
     -0.55027      0.00000
     -0.54910      0.00000
     -0.54793      0.00000
     -0.54677      0.00000
     -0.54560      0.00000
     -0.54443      0.00000
     -0.54326      0.00000
     -0.54210      0.00000
     -0.54093      0.00000
     -0.53976      0.00000
     -0.53859      0.00000
     -0.53742      0.00000
     -0.53626      0.00000
     -0.53509      0.00000
     -0.53392      0.00000
     -0.53275      0.00000
     -0.53159      0.00000
     -0.53042      0.00000
     -0.52925      0.00000
     -0.52808      0.00000
     -0.52692      0.00000
     -0.52575      0.00000
     -0.52458      0.00000
     -0.52341      0.00000
     -0.52225      0.00000
     -0.52108      0.00000
     -0.51991      0.00000
     -0.51874      0.00000
     -0.51757      0.00000
     -0.51641      0.00000
     -0.51524      0.00000
     -0.51407      0.00000
     -0.51290      0.00000
     -0.51174      0.00000
     -0.51057      0.00000
     -0.50940      0.00000
     -0.50823      0.00000
     -0.50707      0.00000
     -0.50590      0.00000
     -0.50473      0.00000
     -0.50356      0.00000
     -0.50240      0.00000
     -0.50123      0.00000
     -0.50006      0.00000
     -0.49889      0.00000
     -0.49772      0.00000
     -0.49656      0.00000
     -0.49539      0.00000
     -0.49422      0.00000
     -0.49305      0.00000
     -0.49189      0.00000
     -0.49072      0.00000
     -0.48955      0.00000
     -0.48838      0.00000
     -0.48722      0.00000
     -0.48605      0.00000
     -0.48488      0.00000
     -0.48371      0.00000
     -0.48255      0.00000
     -0.48138      0.00000
     -0.48021      0.00000
     -0.47904      0.00000
     -0.47788      0.00000
     -0.47671      0.00000
     -0.47554      0.00000
     -0.47437      0.00000
     -0.47320      0.00000
     -0.47204      0.00000
     -0.47087      0.00000
     -0.46970      0.00000
     -0.46853      0.00000
     -0.46737      0.00000
     -0.46620      0.00000
     -0.46503      0.00000
     -0.46386      0.00000
     -0.46270      0.00000
     -0.46153      0.00000
     -0.46036      0.00000
     -0.45919      0.00000
     -0.45803      0.00000
     -0.45686      0.00000
     -0.45569      0.00000
     -0.45452      0.00000
     -0.45335      0.00000
     -0.45219      0.00000
     -0.45102      0.00000
     -0.44985      0.00000
     -0.44868      0.00000
     -0.44752      0.00000
     -0.44635      0.00000
     -0.44518      0.00000
     -0.44401      0.00000
     -0.44285      0.00000
     -0.44168      0.00000
     -0.44051      0.00000
     -0.43934      0.00000
     -0.43818      0.00000
     -0.43701      0.00000
     -0.43584      0.00000
     -0.43467      0.00000
     -0.43350      0.00000
     -0.43234      0.00000
     -0.43117      0.00000
     -0.43000      0.00000
     -0.42883      0.00000
     -0.42767      0.00000
     -0.42650      0.00000
     -0.42533      0.00000
     -0.42416      0.00000
     -0.42300      0.00000
     -0.42183      0.00000
     -0.42066      0.00000
     -0.41949      0.00000
     -0.41833      0.00000
     -0.41716      0.00000
     -0.41599      0.00000
     -0.41482      0.00000
     -0.41365      0.00000
     -0.41249      0.00000
     -0.41132      0.00000
     -0.41015      0.00000
     -0.40898      0.00000
     -0.40782      0.00000
     -0.40665      0.00000
     -0.40548      0.00000
     -0.40431      0.00000
     -0.40315      0.00000
     -0.40198      0.00000
     -0.40081      0.00000
     -0.39964      0.00000
     -0.39848      0.00000
     -0.39731      0.00000
     -0.39614      0.00000
     -0.39497      0.00000
     -0.39381      0.00000
     -0.39264      0.00000
     -0.39147      0.00000
     -0.39030      0.00000
     -0.38913      0.00000
     -0.38797      0.00000
     -0.38680      0.00000
     -0.38563      0.00000
     -0.38446      0.00000
     -0.38330      0.00000
     -0.38213      0.00000
     -0.38096      0.00000
     -0.37979      0.00000
     -0.37863      0.00000
     -0.37746      0.00000
     -0.37629      0.00000
     -0.37512      0.00000
     -0.37396      0.00000
     -0.37279      0.00000
     -0.37162      0.00000
     -0.37045      0.00000
     -0.36928      0.00000
     -0.36812      0.00000
     -0.36695      0.00000
     -0.36578      0.00000
     -0.36461      0.00000
     -0.36345      0.00000
     -0.36228      0.00000
     -0.36111      0.00000
     -0.35994      0.00000
     -0.35878      0.00000
     -0.35761      0.00000
     -0.35644      0.00000
     -0.35527      0.00000
     -0.35411      0.00000
     -0.35294      0.00000
     -0.35177      0.00000
     -0.35060      0.00000
     -0.34943      0.00000
     -0.34827      0.00000
     -0.34710      0.00000
     -0.34593      0.00000
     -0.34476      0.00000
     -0.34360      0.00000
     -0.34243      0.00000
     -0.34126      0.00000
     -0.34009      0.00000
     -0.33893      0.00000
     -0.33776      0.00000
     -0.33659      0.00000
     -0.33542      0.00000
     -0.33426      0.00000
     -0.33309      0.00000
     -0.33192      0.00000
     -0.33075      0.00000
     -0.32958      0.00000
     -0.32842      0.00000
     -0.32725      0.00000
     -0.32608      0.00000
     -0.32491      0.00000
     -0.32375      0.00000
     -0.32258      0.00000
     -0.32141      0.00000
     -0.32024      0.00000
     -0.31908      0.00000
     -0.31791      0.00000
     -0.31674      0.00000
     -0.31557      0.00000
     -0.31441      0.00000
     -0.31324      0.00000
     -0.31207      0.00000
     -0.31090      0.00000
     -0.30973      0.00000
     -0.30857      0.00000
     -0.30740      0.00000
     -0.30623      0.00000
     -0.30506      0.00000
     -0.30390      0.00000
     -0.30273      0.00000
     -0.30156      0.00000
     -0.30039      0.00000
     -0.29923      0.00000
     -0.29806      0.00000
     -0.29689      0.00000
     -0.29572      0.00000
     -0.29456      0.00000
     -0.29339      0.00000
     -0.29222      0.00000
     -0.29105      0.00000
     -0.28989      0.00000
     -0.28872      0.00000
     -0.28755      0.00000
     -0.28638      0.00000
     -0.28521      0.00000
     -0.28405      0.00000
     -0.28288      0.00000
     -0.28171      0.00000
     -0.28054      0.00000
     -0.27938      0.00000
     -0.27821      0.00000
     -0.27704      0.00130
     -0.27587      0.00244
     -0.27471      0.00442
     -0.27354      0.00780
     -0.27237      0.01334
     -0.27120      0.02217
     -0.27004      0.03577
     -0.26887      0.05604
     -0.26770      0.08523
     -0.26653      0.12622
     -0.26536      0.18112
     -0.26420      0.25241
     -0.26303      0.34165
     -0.26186      0.44920
     -0.26069      0.57379
     -0.25953      0.71221
     -0.25836      0.85946
     -0.25719      1.00829
     -0.25602      1.15067
     -0.25486      1.27910
     -0.25369      1.38470
     -0.25252      1.46482
     -0.25135      1.51302
     -0.25019      1.53111
     -0.24902      1.52291
     -0.24785      1.49529
     -0.24668      1.45755
     -0.24551      1.42120
     -0.24435      1.39672
     -0.24318      1.39549
     -0.24201      1.42720
     -0.24084      1.50006
     -0.23968      1.61808
     -0.23851      1.78290
     -0.23734      1.99186
     -0.23617      2.23796
     -0.23501      2.50995
     -0.23384      2.79294
     -0.23267      3.07098
     -0.23150      3.32410
     -0.23034      3.53626
     -0.22917      3.68830
     -0.22800      3.78509
     -0.22683      3.81477
     -0.22566      3.78098
     -0.22450      3.69248
     -0.22333      3.56174
     -0.22216      3.40308
     -0.22099      3.23071
     -0.21983      3.05704
     -0.21866      2.88935
     -0.21749      2.73839
     -0.21632      2.60279
     -0.21516      2.48144
     -0.21399      2.37066
     -0.21282      2.26520
     -0.21165      2.15922
     -0.21049      2.04678
     -0.20932      1.92460
     -0.20815      1.78959
     -0.20698      1.63699
     -0.20582      1.47819
     -0.20465      1.30363
     -0.20348      1.13491
     -0.20231      0.96692
     -0.20114      0.80620
     -0.19998      0.65849
     -0.19881      0.52957
     -0.19764      0.41817
     -0.19647      0.33390
     -0.19531      0.27268
     -0.19414      0.23432
     -0.19297      0.21407
     -0.19180      0.21989
     -0.19064      0.24392
     -0.18947      0.28469
     -0.18830      0.34061
     -0.18713      0.40986
     -0.18597      0.49039
     -0.18480      0.57621
     -0.18363      0.67285
     -0.18246      0.77088
     -0.18129      0.86623
     -0.18013      0.95434
     -0.17896      1.02994
     -0.17779      1.08816
     -0.17662      1.12467
     -0.17546      1.13629
     -0.17429      1.12153
     -0.17312      1.08087
     -0.17195      1.01685
     -0.17079      0.93384
     -0.16962      0.83758
     -0.16845      0.73485
     -0.16728      0.63178
     -0.16612      0.53438
     -0.16495      0.44727
     -0.16378      0.37359
     -0.16261      0.31487
     -0.16144      0.27119
     -0.16028      0.24031
     -0.15911      0.22335
     -0.15794      0.21627
     -0.15677      0.21707
     -0.15561      0.22374
     -0.15444      0.23549
     -0.15327      0.25083
     -0.15210      0.26904
     -0.15094      0.28638
     -0.14977      0.30881
     -0.14860      0.33058
     -0.14743      0.35053
     -0.14627      0.36726
     -0.14510      0.37936
     -0.14393      0.38566
     -0.14276      0.38551
     -0.14159      0.37894
     -0.14043      0.36674
     -0.13926      0.35037
     -0.13809      0.33176
     -0.13692      0.31300
     -0.13576      0.29601
     -0.13459      0.28224
     -0.13342      0.27244
     -0.13225      0.26614
     -0.13109      0.26364
     -0.12992      0.26285
     -0.12875      0.26214
     -0.12758      0.25984
     -0.12642      0.25451
     -0.12525      0.24520
     -0.12408      0.23155
     -0.12291      0.21380
     -0.12174      0.19272
     -0.12058      0.16791
     -0.11941      0.14437
     -0.11824      0.12092
     -0.11707      0.09876
     -0.11591      0.07879
     -0.11474      0.06153
     -0.11357      0.04715
     -0.11240      0.03565
     -0.11124      0.02671
     -0.11007      0.01994
     -0.10890      0.01492
     -0.10773      0.01123
     -0.10657      0.00854
     -0.10540      0.00650
     -0.10423      0.00420
     -0.10306      0.00342
     -0.10190      0.00256
     -0.10073      0.00204
     -0.09956      0.00159
     -0.09839      0.00119
     -0.09722      0.00087
     -0.09606      0.00062
     -0.09489      0.00043
     -0.09372      0.00029
     -0.09255      0.00019
     -0.09139      0.00012
     -0.09022      0.00007
     -0.08905      0.00004
     -0.08788     -0.00000
     -0.08672     -0.00000
     -0.08555     -0.00000
     -0.08438     -0.00000
     -0.08321     -0.00000
     -0.08205     -0.00000
     -0.08088     -0.00000
     -0.07971     -0.00000
     -0.07854     -0.00000
     -0.07737     -0.00000
     -0.07621     -0.00000
     -0.07504     -0.00000
     -0.07387     -0.00000
     -0.07270     -0.00000
     -0.07154     -0.00000
     -0.07037      0.00000
     -0.06920      0.00000
     -0.06803      0.00000
     -0.06687      0.00000
     -0.06570      0.00000
     -0.06453      0.00000
     -0.06336      0.00000
     -0.06220      0.00000
     -0.06103      0.00000
     -0.05986      0.00000
     -0.05869      0.00000
     -0.05752      0.00000
     -0.05636      0.00000
     -0.05519      0.00000
     -0.05402      0.00000
     -0.05285      0.00000
     -0.05169      0.00000
     -0.05052      0.00000
     -0.04935      0.00000
     -0.04818      0.00000
     -0.04702      0.00000
     -0.04585      0.00000
     -0.04468      0.00000
     -0.04351      0.00000
     -0.04235      0.00000
     -0.04118      0.00000
     -0.04001      0.00000
     -0.03884      0.00000
     -0.03767      0.00000
     -0.03651      0.00000
     -0.03534      0.00000
     -0.03417      0.00000
     -0.03300      0.00000
     -0.03184      0.00000
     -0.03067      0.00000
     -0.02950      0.00000
     -0.02833      0.00000
     -0.02717      0.00000
     -0.02600      0.00000
     -0.02483      0.00000
     -0.02366      0.00000
     -0.02250      0.00000
     -0.02133      0.00000
     -0.02016      0.00000
     -0.01899      0.00000
     -0.01783      0.00000
     -0.01666      0.00000
     -0.01549      0.00000
     -0.01432      0.00000
     -0.01315      0.00000
     -0.01199      0.00000
     -0.01082      0.00000
     -0.00965      0.00000
     -0.00848      0.00000
     -0.00732      0.00000
     -0.00615      0.00000
     -0.00498      0.00000
     -0.00381      0.00000
     -0.00265      0.00000
     -0.00148      0.00000
     -0.00031      0.00000
      0.00086      0.00000
      0.00202      0.00000
      0.00319      0.00000
      0.00436      0.00000
      0.00553      0.00000
      0.00670      0.00000
      0.00786      0.00000
      0.00903      0.00000
      0.01020      0.00000
      0.01137      0.00000
      0.01253      0.00000
      0.01370      0.00000
      0.01487      0.00000
      0.01604      0.00000
      0.01720      0.00000
      0.01837      0.00000
      0.01954      0.00000
      0.02071      0.00000
      0.02187      0.00000
      0.02304      0.00000
      0.02421      0.00000
      0.02538      0.00000
      0.02655      0.00000
      0.02771      0.00000
      0.02888      0.00000
      0.03005      0.00000
      0.03122      0.00000
      0.03238      0.00000
      0.03355      0.00000
      0.03472      0.00000
      0.03589      0.00000
      0.03705      0.00000
      0.03822      0.00000
      0.03939      0.00000
      0.04056      0.00000
      0.04172      0.00000
      0.04289      0.00000
      0.04406      0.00000
      0.04523      0.00000
      0.04640      0.00000
      0.04756      0.00000
      0.04873      0.00000
      0.04990      0.00000
      0.05107      0.00000
      0.05223      0.00000
      0.05340      0.00000
      0.05457      0.00000
      0.05574      0.00000
      0.05690      0.00000
      0.05807      0.00000
      0.05924      0.00000
      0.06041      0.00000
      0.06157      0.00000
      0.06274      0.00000
      0.06391      0.00000
      0.06508      0.00000
      0.06625      0.00000
      0.06741      0.00025
      0.06858      0.00046
      0.06975      0.00084
      0.07092      0.00148
      0.07208      0.00253
      0.07325      0.00420
      0.07442      0.00676
      0.07559      0.01057
      0.07675      0.01605
      0.07792      0.02365
      0.07909      0.03384
      0.08026      0.04702
      0.08142      0.06343
      0.08259      0.08307
      0.08376      0.10563
      0.08493      0.13040
      0.08609      0.15630
      0.08726      0.18190
      0.08843      0.20552
      0.08960      0.22546
      0.09077      0.24013
      0.09193      0.24831
      0.09310      0.24930
      0.09427      0.24302
      0.09544      0.22999
      0.09660      0.21133
      0.09777      0.18853
      0.09894      0.16330
      0.10011      0.13977
      0.10127      0.11662
      0.10244      0.09691
      0.10361      0.08232
      0.10478      0.07455
      0.10594      0.07540
      0.10711      0.08695
      0.10828      0.11163
      0.10945      0.15219
      0.11062      0.21155
      0.11178      0.29245
      0.11295      0.39693
      0.11412      0.52572
      0.11529      0.67659
      0.11645      0.84817
      0.11762      1.03234
      0.11879      1.21992
      0.11996      1.39964
      0.12112      1.55911
      0.12229      1.68621
      0.12346      1.77059
      0.12463      1.80510
      0.12579      1.78673
      0.12696      1.71708
      0.12813      1.60212
      0.12930      1.45136
      0.13047      1.27653
      0.13163      1.09008
      0.13280      0.90378
      0.13397      0.72751
      0.13514      0.56858
      0.13630      0.43144
      0.13747      0.31785
      0.13864      0.22735
      0.13981      0.15789
      0.14097      0.10646
      0.14214      0.06969
      0.14331      0.04429
      0.14448      0.02733
      0.14564      0.01638
      0.14681      0.00953
      0.14798      0.00000
      0.14915      0.00000
      0.15032      0.00000
      0.15148      0.00000
      0.15265      0.00000
      0.15382      0.00000
      0.15499      0.00000
      0.15615      0.00000
      0.15732      0.00000
      0.15849      0.00724
      0.15966      0.01327
      0.16082      0.02362
      0.16199      0.04083
      0.16316      0.06850
      0.16433      0.11158
      0.16549      0.17647
      0.16666      0.27098
      0.16783      0.40400
      0.16900      0.58478
      0.17016      0.82183
      0.17133      1.12135
      0.17250      1.48552
      0.17367      1.91068
      0.17484      2.38601
      0.17600      2.89288
      0.17717      3.40536
      0.17834      3.89198
      0.17951      4.31870
      0.18067      4.65275
      0.18184      4.86676
      0.18301      4.94249
      0.18418      4.87332
      0.18534      4.66530
      0.18651      4.33618
      0.18768      3.91300
      0.18885      3.42837
      0.19001      2.91635
      0.19118      2.40860
      0.19235      1.93137
      0.19352      1.50938
      0.19469      1.14714
      0.19585      0.85298
      0.19702      0.62705
      0.19819      0.46624
      0.19936      0.36618
      0.20052      0.32290
      0.20169      0.33478
      0.20286      0.40050
      0.20403      0.52208
      0.20519      0.70215
      0.20636      0.92942
      0.20753      1.23769
      0.20870      1.60113
      0.20986      2.01240
      0.21103      2.45782
      0.21220      2.91757
      0.21337      3.36696
      0.21454      3.77865
      0.21570      4.12551
      0.21687      4.38389
      0.21804      4.53645
      0.21921      4.57430
      0.22037      4.49787
      0.22154      4.31648
      0.22271      4.04672
      0.22388      3.71000
      0.22504      3.32972
      0.22621      2.92870
      0.22738      2.52711
      0.22855      2.14114
      0.22971      1.78258
      0.23088      1.45893
      0.23205      1.17966
      0.23322      0.93924
      0.23439      0.74091
      0.23555      0.58431
      0.23672      0.46927
      0.23789      0.39643
      0.23906      0.36778
      0.24022      0.38690
      0.24139      0.44668
      0.24256      0.58345
      0.24373      0.78356
      0.24489      1.05342
      0.24606      1.39614
      0.24723      1.80978
      0.24840      2.28567
      0.24956      2.80465
      0.25073      3.34989
      0.25190      3.88505
      0.25307      4.37520
      0.25424      4.78586
      0.25540      5.08412
      0.25657      5.24706
      0.25774      5.26277
      0.25891      5.13277
      0.26007      4.88063
      0.26124      4.52277
      0.26241      4.10013
      0.26358      3.65358
      0.26474      3.22424
      0.26591      2.84973
      0.26708      2.56153
      0.26825      2.38356
      0.26941      2.33998
      0.27058      2.42973
      0.27175      2.66048
      0.27292      3.03000
      0.27408      3.53079
      0.27525      4.15000
      0.27642      4.86917
      0.27759      5.66413
      0.27876      6.50537
      0.27992      7.34006
      0.28109      8.17940
      0.28226      8.95663
      0.28343      9.64101
      0.28459     10.20667
      0.28576     10.63419
      0.28693     10.91113
      0.28810     11.03138
      0.28926     10.99406
      0.29043     10.80216
      0.29160     10.46178
      0.29277      9.98191
      0.29393      9.37500
      0.29510      8.65778
      0.29627      7.85190
      0.29744      6.98219
      0.29861      6.08304
      0.29977      5.18382
      0.30094      4.31590
      0.30211      3.50418
      0.30328      2.77710
      0.30444      2.14480
      0.30561      1.61299
      0.30678      1.18115
      0.30795      0.81932
      0.30911      0.57378
      0.31028      0.39372
      0.31145      0.26809
      0.31262      0.18619
      0.31378      0.13874
      0.31495      0.11830
      0.31612      0.11935
      0.31729      0.11838
      0.31846      0.17134
      0.31962      0.23164
      0.32079      0.30700
      0.32196      0.40009
      0.32313      0.51457
      0.32429      0.65572
      0.32546      0.83120
      0.32663      1.05162
      0.32780      1.33078
      0.32896      1.68523
      0.33013      2.13286
      0.33130      2.69035
      0.33247      3.36970
      0.33363      4.17408
      0.33480      5.09384
      0.33597      6.10344
      0.33714      7.16037
      0.33831      8.20673
      0.33947      9.17375
      0.34064      9.98893
      0.34181     10.58484
      0.34298     10.90816
      0.34414     10.92725
      0.34531     10.63682
      0.34648     10.05883
      0.34765      9.23936
      0.34881      8.24215
      0.34998      7.14012
      0.35115      6.00634
      0.35232      4.90310
      0.35348      3.88938
      0.35465      2.99546
      0.35582      2.23986
      0.35699      1.63190
      0.35815      1.15696
      0.35932      0.80387
      0.36049      0.55536
      0.36166      0.39446
      0.36283      0.31432
      0.36399      0.29645
      0.36516      0.34135
      0.36633      0.40779
      0.36750      0.60868
      0.36866      0.88363
      0.36983      1.24985
      0.37100      1.71875
      0.37217      2.30100
      0.37333      2.99981
      0.37450      3.80963
      0.37567      4.71443
      0.37684      5.68711
      0.37800      6.69019
      0.37917      7.67804
      0.38034      8.60041
      0.38151      9.40697
      0.38268     10.05223
      0.38384     10.50004
      0.38501     10.72719
      0.38618     10.72540
      0.38735     10.50160
      0.38851     10.07765
      0.38968      9.48843
      0.39085      8.76775
      0.39202      7.96130
      0.39318      7.11235
      0.39435      6.26155
      0.39552      5.44520
      0.39669      4.69440
      0.39785      4.03486
      0.39902      3.48712
      0.40019      3.06670
      0.40136      2.78393
      0.40253      2.64378
      0.40369      2.64384
      0.40486      2.75394
      0.40603      3.00705
      0.40720      3.34282
      0.40836      3.72902
      0.40953      4.12745
      0.41070      4.48162
      0.41187      4.79114
      0.41303      4.99699
      0.41420      5.07716
      0.41537      5.02107
      0.41654      4.83283
      0.41770      4.51999
      0.41887      4.12387
      0.42004      3.66418
      0.42121      3.17395
      0.42238      2.68391
      0.42354      2.22031
      0.42471      1.80033
      0.42588      1.43543
      0.42705      1.12979
      0.42821      0.88228
      0.42938      0.68829
      0.43055      0.54148
      0.43172      0.43529
      0.43288      0.36384
      0.43405      0.32246
      0.43522      0.30763
      0.43639      0.31486
      0.43755      0.33541
      0.43872      0.39415
      0.43989      0.46735
      0.44106      0.55272
      0.44223      0.64677
      0.44339      0.74509
      0.44456      0.84301
      0.44573      0.93620
      0.44690      1.02130
      0.44806      1.09635
      0.44923      1.16101
      0.45040      1.21562
      0.45157      1.26390
      0.45273      1.30677
      0.45390      1.34588
      0.45507      1.38113
      0.45624      1.41100
      0.45740      1.43228
      0.45857      1.44059
      0.45974      1.43138
      0.46091      1.40083
      0.46207      1.34683
      0.46324      1.26958
      0.46441      1.17176
      0.46558      1.05828
      0.46675      0.93572
      0.46791      0.81113
      0.46908      0.69131
      0.47025      0.58172
      0.47142      0.48374
      0.47258      0.40625
      0.47375      0.34441
      0.47492      0.29697
      0.47609      0.26152
      0.47725      0.23509
      0.47842      0.21470
      0.47959      0.19778
      0.48076      0.18240
      0.48192      0.16745
      0.48309      0.15251
      0.48426      0.13393
      0.48543      0.12170
      0.48660      0.11021
      0.48776      0.10043
      0.48893      0.09299
      0.49010      0.08816
      0.49127      0.08580
      0.49243      0.08608
      0.49360      0.08756
      0.49477      0.08990
      0.49594      0.09253
      0.49710      0.09506
      0.49827      0.09746
      0.49944      0.10012
      0.50061      0.10381
      0.50177      0.10908
      0.50294      0.11879
      0.50411      0.13339
      0.50528      0.15420
      0.50645      0.18210
      0.50761      0.21732
      0.50878      0.25922
      0.50995      0.30625
      0.51112      0.35593
      0.51228      0.40505
      0.51345      0.44996
      0.51462      0.48698
      0.51579      0.51286
      0.51695      0.52518
      0.51812      0.52269
      0.51929      0.50548
      0.52046      0.47459
      0.52162      0.43353
      0.52279      0.38486
      0.52396      0.33213
      0.52513      0.27902
      0.52630      0.22872
      0.52746      0.18383
      0.52863      0.14628
      0.52980      0.11734
      0.53097      0.09776
      0.53213      0.08788
      0.53330      0.08778
      0.53447      0.09734
      0.53564      0.11623
      0.53680      0.14402
      0.53797      0.17953
      0.53914      0.22138
      0.54031      0.26594
      0.54147      0.31463
      0.54264      0.36179
      0.54381      0.40432
      0.54498      0.43946
      0.54614      0.46466
      0.54731      0.47827
      0.54848      0.47972
      0.54965      0.46956
      0.55082      0.44939
      0.55198      0.42154
      0.55315      0.38880
      0.55432      0.35392
      0.55549      0.31931
      0.55665      0.28675
      0.55782      0.25727
      0.55899      0.23118
      0.56016      0.20820
      0.56132      0.18768
      0.56249      0.16886
      0.56366      0.15103
      0.56483      0.13371
      0.56599      0.11669
