#     PDOS  shell 5 (p) of atom 5 o  (Mulliken)
#     E - Ef       total
# Ef =         0.3840051700
     -0.83401      0.00000
     -0.83284      0.00000
     -0.83167      0.00000
     -0.83050      0.00000
     -0.82933      0.00000
     -0.82817      0.00000
     -0.82700      0.00000
     -0.82583      0.00000
     -0.82466      0.00000
     -0.82350      0.00000
     -0.82233      0.00000
     -0.82116      0.00000
     -0.81999      0.00000
     -0.81883      0.00000
     -0.81766      0.00000
     -0.81649      0.00000
     -0.81532      0.00000
     -0.81416      0.00000
     -0.81299      0.00000
     -0.81182      0.00000
     -0.81065      0.00000
     -0.80948      0.00000
     -0.80832      0.00000
     -0.80715      0.00000
     -0.80598      0.00000
     -0.80481      0.00000
     -0.80365      0.00000
     -0.80248      0.00000
     -0.80131      0.00000
     -0.80014      0.00000
     -0.79898      0.00000
     -0.79781      0.00000
     -0.79664      0.00000
     -0.79547      0.00000
     -0.79431      0.00000
     -0.79314      0.00000
     -0.79197      0.00000
     -0.79080      0.00000
     -0.78963      0.00000
     -0.78847      0.00000
     -0.78730      0.00000
     -0.78613      0.00000
     -0.78496      0.00000
     -0.78380      0.00000
     -0.78263      0.00000
     -0.78146      0.00000
     -0.78029      0.00000
     -0.77913      0.00000
     -0.77796      0.00000
     -0.77679      0.00000
     -0.77562      0.00000
     -0.77446      0.00000
     -0.77329      0.00000
     -0.77212      0.00000
     -0.77095      0.00000
     -0.76978      0.00000
     -0.76862      0.00000
     -0.76745      0.00000
     -0.76628      0.00000
     -0.76511      0.00000
     -0.76395      0.00000
     -0.76278      0.00000
     -0.76161      0.00000
     -0.76044      0.00000
     -0.75928      0.00000
     -0.75811      0.00000
     -0.75694      0.00000
     -0.75577      0.00000
     -0.75461      0.00000
     -0.75344      0.00000
     -0.75227      0.00000
     -0.75110      0.00000
     -0.74994      0.00000
     -0.74877      0.00000
     -0.74760      0.00000
     -0.74643      0.00000
     -0.74526      0.00000
     -0.74410      0.00000
     -0.74293      0.00000
     -0.74176      0.00000
     -0.74059      0.00000
     -0.73943      0.00000
     -0.73826      0.00000
     -0.73709      0.00000
     -0.73592      0.00000
     -0.73476      0.00000
     -0.73359      0.00000
     -0.73242      0.00000
     -0.73125      0.00000
     -0.73009      0.00000
     -0.72892      0.00001
     -0.72775      0.00001
     -0.72658      0.00002
     -0.72541      0.00003
     -0.72425      0.00005
     -0.72308      0.00007
     -0.72191      0.00011
     -0.72074      0.00016
     -0.71958      0.00023
     -0.71841      0.00031
     -0.71724      0.00041
     -0.71607      0.00055
     -0.71491      0.00070
     -0.71374      0.00087
     -0.71257      0.00106
     -0.71140      0.00126
     -0.71024      0.00148
     -0.70907      0.00171
     -0.70790      0.00198
     -0.70673      0.00228
     -0.70556      0.00264
     -0.70440      0.00308
     -0.70323      0.00362
     -0.70206      0.00427
     -0.70089      0.00503
     -0.69973      0.00591
     -0.69856      0.00689
     -0.69739      0.00792
     -0.69622      0.00896
     -0.69506      0.00998
     -0.69389      0.01091
     -0.69272      0.01171
     -0.69155      0.01236
     -0.69039      0.01286
     -0.68922      0.01323
     -0.68805      0.01351
     -0.68688      0.01373
     -0.68571      0.01393
     -0.68455      0.01416
     -0.68338      0.01446
     -0.68221      0.01483
     -0.68104      0.01530
     -0.67988      0.01586
     -0.67871      0.01649
     -0.67754      0.01718
     -0.67637      0.01792
     -0.67521      0.01868
     -0.67404      0.01944
     -0.67287      0.02018
     -0.67170      0.02087
     -0.67054      0.02146
     -0.66937      0.02193
     -0.66820      0.02221
     -0.66703      0.02235
     -0.66587      0.02226
     -0.66470      0.02195
     -0.66353      0.02142
     -0.66236      0.02067
     -0.66119      0.01973
     -0.66003      0.01863
     -0.65886      0.01739
     -0.65769      0.01606
     -0.65652      0.01464
     -0.65536      0.01322
     -0.65419      0.01180
     -0.65302      0.01038
     -0.65185      0.00901
     -0.65069      0.00770
     -0.64952      0.00647
     -0.64835      0.00534
     -0.64718      0.00429
     -0.64602      0.00341
     -0.64485      0.00266
     -0.64368      0.00202
     -0.64251      0.00150
     -0.64134      0.00109
     -0.64018      0.00073
     -0.63901      0.00051
     -0.63784      0.00034
     -0.63667      0.00022
     -0.63551      0.00014
     -0.63434      0.00009
     -0.63317      0.00005
     -0.63200      0.00002
     -0.63084      0.00001
     -0.62967      0.00000
     -0.62850      0.00000
     -0.62733      0.00000
     -0.62617      0.00000
     -0.62500      0.00000
     -0.62383      0.00000
     -0.62266      0.00000
     -0.62149      0.00000
     -0.62033      0.00000
     -0.61916      0.00000
     -0.61799      0.00000
     -0.61682      0.00000
     -0.61566      0.00000
     -0.61449      0.00000
     -0.61332      0.00000
     -0.61215      0.00000
     -0.61099      0.00000
     -0.60982      0.00000
     -0.60865      0.00000
     -0.60748      0.00000
     -0.60632      0.00000
     -0.60515      0.00000
     -0.60398      0.00000
     -0.60281      0.00000
     -0.60164      0.00000
     -0.60048      0.00000
     -0.59931      0.00000
     -0.59814      0.00000
     -0.59697      0.00000
     -0.59581      0.00000
     -0.59464      0.00000
     -0.59347      0.00000
     -0.59230      0.00000
     -0.59114      0.00000
     -0.58997      0.00000
     -0.58880      0.00000
     -0.58763      0.00000
     -0.58647      0.00000
     -0.58530      0.00000
     -0.58413      0.00000
     -0.58296      0.00000
     -0.58179      0.00000
     -0.58063      0.00000
     -0.57946      0.00000
     -0.57829      0.00000
     -0.57712      0.00000
     -0.57596      0.00000
     -0.57479      0.00000
     -0.57362      0.00000
     -0.57245      0.00000
     -0.57129      0.00000
     -0.57012      0.00000
     -0.56895      0.00000
     -0.56778      0.00000
     -0.56662      0.00000
     -0.56545      0.00000
     -0.56428      0.00000
     -0.56311      0.00000
     -0.56195      0.00000
     -0.56078      0.00000
     -0.55961      0.00000
     -0.55844      0.00000
     -0.55727      0.00000
     -0.55611      0.00000
     -0.55494      0.00000
     -0.55377      0.00000
     -0.55260      0.00000
     -0.55144      0.00000
     -0.55027      0.00000
     -0.54910      0.00000
     -0.54793      0.00000
     -0.54677      0.00000
     -0.54560      0.00000
     -0.54443      0.00000
     -0.54326      0.00000
     -0.54210      0.00000
     -0.54093      0.00000
     -0.53976      0.00000
     -0.53859      0.00000
     -0.53742      0.00000
     -0.53626      0.00000
     -0.53509      0.00000
     -0.53392      0.00000
     -0.53275      0.00000
     -0.53159      0.00000
     -0.53042      0.00000
     -0.52925      0.00000
     -0.52808      0.00000
     -0.52692      0.00000
     -0.52575      0.00000
     -0.52458      0.00000
     -0.52341      0.00000
     -0.52225      0.00000
     -0.52108      0.00000
     -0.51991      0.00000
     -0.51874      0.00000
     -0.51757      0.00000
     -0.51641      0.00000
     -0.51524      0.00000
     -0.51407      0.00000
     -0.51290      0.00000
     -0.51174      0.00000
     -0.51057      0.00000
     -0.50940      0.00000
     -0.50823      0.00000
     -0.50707      0.00000
     -0.50590      0.00000
     -0.50473      0.00000
     -0.50356      0.00000
     -0.50240      0.00000
     -0.50123      0.00000
     -0.50006      0.00000
     -0.49889      0.00000
     -0.49772      0.00000
     -0.49656      0.00000
     -0.49539      0.00000
     -0.49422      0.00000
     -0.49305      0.00000
     -0.49189      0.00000
     -0.49072      0.00000
     -0.48955      0.00000
     -0.48838      0.00000
     -0.48722      0.00000
     -0.48605      0.00000
     -0.48488      0.00000
     -0.48371      0.00000
     -0.48255      0.00000
     -0.48138      0.00000
     -0.48021      0.00000
     -0.47904      0.00000
     -0.47788      0.00000
     -0.47671      0.00000
     -0.47554      0.00000
     -0.47437      0.00000
     -0.47320      0.00000
     -0.47204      0.00000
     -0.47087      0.00000
     -0.46970      0.00000
     -0.46853      0.00000
     -0.46737      0.00000
     -0.46620      0.00000
     -0.46503      0.00000
     -0.46386      0.00000
     -0.46270      0.00000
     -0.46153      0.00000
     -0.46036      0.00000
     -0.45919      0.00000
     -0.45803      0.00000
     -0.45686      0.00000
     -0.45569      0.00000
     -0.45452      0.00000
     -0.45335      0.00000
     -0.45219      0.00000
     -0.45102      0.00000
     -0.44985      0.00000
     -0.44868      0.00000
     -0.44752      0.00000
     -0.44635      0.00000
     -0.44518      0.00000
     -0.44401      0.00000
     -0.44285      0.00000
     -0.44168      0.00000
     -0.44051      0.00000
     -0.43934      0.00000
     -0.43818      0.00000
     -0.43701      0.00000
     -0.43584      0.00000
     -0.43467      0.00000
     -0.43350      0.00000
     -0.43234      0.00000
     -0.43117      0.00000
     -0.43000      0.00000
     -0.42883      0.00000
     -0.42767      0.00000
     -0.42650      0.00000
     -0.42533      0.00000
     -0.42416      0.00000
     -0.42300      0.00000
     -0.42183      0.00000
     -0.42066      0.00000
     -0.41949      0.00000
     -0.41833      0.00000
     -0.41716      0.00000
     -0.41599      0.00000
     -0.41482      0.00000
     -0.41365      0.00000
     -0.41249      0.00000
     -0.41132      0.00000
     -0.41015      0.00000
     -0.40898      0.00000
     -0.40782      0.00000
     -0.40665      0.00000
     -0.40548      0.00000
     -0.40431      0.00000
     -0.40315      0.00000
     -0.40198      0.00000
     -0.40081      0.00000
     -0.39964      0.00000
     -0.39848      0.00000
     -0.39731      0.00000
     -0.39614      0.00000
     -0.39497      0.00000
     -0.39381      0.00000
     -0.39264      0.00000
     -0.39147      0.00000
     -0.39030      0.00000
     -0.38913      0.00000
     -0.38797      0.00000
     -0.38680      0.00000
     -0.38563      0.00000
     -0.38446      0.00000
     -0.38330      0.00000
     -0.38213      0.00000
     -0.38096      0.00000
     -0.37979      0.00000
     -0.37863      0.00000
     -0.37746      0.00000
     -0.37629      0.00000
     -0.37512      0.00000
     -0.37396      0.00000
     -0.37279      0.00000
     -0.37162      0.00000
     -0.37045      0.00000
     -0.36928      0.00000
     -0.36812      0.00000
     -0.36695      0.00000
     -0.36578      0.00000
     -0.36461      0.00000
     -0.36345      0.00000
     -0.36228      0.00000
     -0.36111      0.00000
     -0.35994      0.00000
     -0.35878      0.00000
     -0.35761      0.00000
     -0.35644      0.00000
     -0.35527      0.00000
     -0.35411      0.00000
     -0.35294      0.00000
     -0.35177      0.00000
     -0.35060      0.00000
     -0.34943      0.00000
     -0.34827      0.00000
     -0.34710      0.00000
     -0.34593      0.00000
     -0.34476      0.00000
     -0.34360      0.00000
     -0.34243      0.00000
     -0.34126      0.00000
     -0.34009      0.00000
     -0.33893      0.00000
     -0.33776      0.00000
     -0.33659      0.00000
     -0.33542      0.00000
     -0.33426      0.00000
     -0.33309      0.00000
     -0.33192      0.00000
     -0.33075      0.00000
     -0.32958      0.00000
     -0.32842      0.00000
     -0.32725      0.00000
     -0.32608      0.00000
     -0.32491      0.00000
     -0.32375      0.00000
     -0.32258      0.00000
     -0.32141      0.00000
     -0.32024      0.00000
     -0.31908      0.00000
     -0.31791      0.00000
     -0.31674      0.00000
     -0.31557      0.00000
     -0.31441      0.00000
     -0.31324      0.00000
     -0.31207      0.00000
     -0.31090      0.00000
     -0.30973      0.00000
     -0.30857      0.00000
     -0.30740      0.00000
     -0.30623      0.00000
     -0.30506      0.00000
     -0.30390      0.00000
     -0.30273      0.00000
     -0.30156      0.00000
     -0.30039      0.00000
     -0.29923      0.00000
     -0.29806      0.00000
     -0.29689      0.00000
     -0.29572      0.00000
     -0.29456      0.00000
     -0.29339      0.00000
     -0.29222      0.00000
     -0.29105      0.00000
     -0.28989      0.00000
     -0.28872      0.00000
     -0.28755      0.00000
     -0.28638      0.00000
     -0.28521      0.00000
     -0.28405      0.00000
     -0.28288      0.00000
     -0.28171      0.00000
     -0.28054      0.00000
     -0.27938      0.00000
     -0.27821      0.00000
     -0.27704      0.00213
     -0.27587      0.00398
     -0.27471      0.00723
     -0.27354      0.01275
     -0.27237      0.02182
     -0.27120      0.03626
     -0.27004      0.05851
     -0.26887      0.09165
     -0.26770      0.13939
     -0.26653      0.20676
     -0.26536      0.29684
     -0.26420      0.41393
     -0.26303      0.56073
     -0.26186      0.73802
     -0.26069      0.94400
     -0.25953      1.17376
     -0.25836      1.42281
     -0.25719      1.67608
     -0.25602      1.92349
     -0.25486      2.15510
     -0.25369      2.35778
     -0.25252      2.53139
     -0.25135      2.66701
     -0.25019      2.77198
     -0.24902      2.85647
     -0.24785      2.93573
     -0.24668      3.02863
     -0.24551      3.16028
     -0.24435      3.34529
     -0.24318      3.60423
     -0.24201      3.95087
     -0.24084      4.39469
     -0.23968      4.93424
     -0.23851      5.56345
     -0.23734      6.26747
     -0.23617      7.02423
     -0.23501      7.80575
     -0.23384      8.58027
     -0.23267      9.31758
     -0.23150      9.98303
     -0.23034     10.55162
     -0.22917     10.99437
     -0.22800     11.32135
     -0.22683     11.51352
     -0.22566     11.57423
     -0.22450     11.51191
     -0.22333     11.33820
     -0.22216     11.06625
     -0.22099     10.70948
     -0.21983     10.28090
     -0.21866      9.78836
     -0.21749      9.25509
     -0.21632      8.68526
     -0.21516      8.09051
     -0.21399      7.48164
     -0.21282      6.86830
     -0.21165      6.25856
     -0.21049      5.65207
     -0.20932      5.06981
     -0.20815      4.50842
     -0.20698      3.95774
     -0.20582      3.44663
     -0.20465      2.95188
     -0.20348      2.51776
     -0.20231      2.12697
     -0.20114      1.79223
     -0.19998      1.52518
     -0.19881      1.34024
     -0.19764      1.22644
     -0.19647      1.24168
     -0.19531      1.36415
     -0.19414      1.60131
     -0.19297      1.94541
     -0.19180      2.41931
     -0.19064      2.99570
     -0.18947      3.65720
     -0.18830      4.37794
     -0.18713      5.12450
     -0.18597      5.85784
     -0.18480      6.52963
     -0.18363      7.11554
     -0.18246      7.56876
     -0.18129      7.86219
     -0.18013      7.98677
     -0.17896      7.92948
     -0.17779      7.70348
     -0.17662      7.32977
     -0.17546      6.83906
     -0.17429      6.26930
     -0.17312      5.66287
     -0.17195      5.06380
     -0.17079      4.51501
     -0.16962      4.05584
     -0.16845      3.72339
     -0.16728      3.53874
     -0.16612      3.51844
     -0.16495      3.66626
     -0.16378      3.97526
     -0.16261      4.42028
     -0.16144      4.97139
     -0.16028      5.56430
     -0.15911      6.20723
     -0.15794      6.82082
     -0.15677      7.37185
     -0.15561      7.82969
     -0.15444      8.20495
     -0.15327      8.49625
     -0.15210      8.71969
     -0.15094      8.90242
     -0.14977      9.09392
     -0.14860      9.31020
     -0.14743      9.57534
     -0.14627      9.89986
     -0.14510     10.28531
     -0.14393     10.71643
     -0.14276     11.17758
     -0.14159     11.65006
     -0.14043     12.11806
     -0.13926     12.57162
     -0.13809     13.00915
     -0.13692     13.43094
     -0.13576     13.84654
     -0.13459     14.25518
     -0.13342     14.65735
     -0.13225     15.02127
     -0.13109     15.38513
     -0.12992     15.68274
     -0.12875     15.88459
     -0.12758     15.96141
     -0.12642     15.89035
     -0.12525     15.66049
     -0.12408     15.27652
     -0.12291     14.75951
     -0.12174     14.14587
     -0.12058     13.45843
     -0.11941     12.79013
     -0.11824     12.15509
     -0.11707     11.58006
     -0.11591     11.07112
     -0.11474     10.64459
     -0.11357     10.25903
     -0.11240      9.90950
     -0.11124      9.54005
     -0.11007      9.14229
     -0.10890      8.68263
     -0.10773      8.15361
     -0.10657      7.56049
     -0.10540      6.90214
     -0.10423      6.24221
     -0.10306      5.57672
     -0.10190      4.93078
     -0.10073      4.35639
     -0.09956      3.83506
     -0.09839      3.37262
     -0.09722      2.96108
     -0.09606      2.60812
     -0.09489      2.29410
     -0.09372      2.00992
     -0.09255      1.74813
     -0.09139      1.50400
     -0.09022      1.27090
     -0.08905      1.06076
     -0.08788      0.84901
     -0.08672      0.68383
     -0.08555      0.53698
     -0.08438      0.40506
     -0.08321      0.30305
     -0.08205      0.22056
     -0.08088      0.15616
     -0.07971      0.10758
     -0.07854      0.07210
     -0.07737      0.04702
     -0.07621      0.02984
     -0.07504      0.01843
     -0.07387      0.00553
     -0.07270      0.00339
     -0.07154      0.00202
     -0.07037      0.00000
     -0.06920      0.00000
     -0.06803      0.00000
     -0.06687      0.00000
     -0.06570      0.00000
     -0.06453      0.00000
     -0.06336      0.00000
     -0.06220      0.00000
     -0.06103      0.00000
     -0.05986      0.00000
     -0.05869      0.00000
     -0.05752      0.00000
     -0.05636      0.00000
     -0.05519      0.00000
     -0.05402      0.00000
     -0.05285      0.00000
     -0.05169      0.00000
     -0.05052      0.00000
     -0.04935      0.00000
     -0.04818      0.00000
     -0.04702      0.00000
     -0.04585      0.00000
     -0.04468      0.00000
     -0.04351      0.00000
     -0.04235      0.00000
     -0.04118      0.00000
     -0.04001      0.00000
     -0.03884      0.00000
     -0.03767      0.00000
     -0.03651      0.00000
     -0.03534      0.00000
     -0.03417      0.00000
     -0.03300      0.00000
     -0.03184      0.00000
     -0.03067      0.00000
     -0.02950      0.00000
     -0.02833      0.00000
     -0.02717      0.00000
     -0.02600      0.00000
     -0.02483      0.00000
     -0.02366      0.00000
     -0.02250      0.00000
     -0.02133      0.00000
     -0.02016      0.00000
     -0.01899      0.00000
     -0.01783      0.00000
     -0.01666      0.00000
     -0.01549      0.00000
     -0.01432      0.00000
     -0.01315      0.00000
     -0.01199      0.00000
     -0.01082      0.00000
     -0.00965      0.00000
     -0.00848      0.00000
     -0.00732      0.00000
     -0.00615      0.00000
     -0.00498      0.00000
     -0.00381      0.00000
     -0.00265      0.00000
     -0.00148      0.00000
     -0.00031      0.00000
      0.00086      0.00000
      0.00202      0.00000
      0.00319      0.00000
      0.00436      0.00000
      0.00553      0.00000
      0.00670      0.00000
      0.00786      0.00000
      0.00903      0.00000
      0.01020      0.00000
      0.01137      0.00000
      0.01253      0.00000
      0.01370      0.00000
      0.01487      0.00000
      0.01604      0.00000
      0.01720      0.00000
      0.01837      0.00000
      0.01954      0.00000
      0.02071      0.00000
      0.02187      0.00000
      0.02304      0.00000
      0.02421      0.00000
      0.02538      0.00000
      0.02655      0.00000
      0.02771      0.00000
      0.02888      0.00000
      0.03005      0.00000
      0.03122      0.00000
      0.03238      0.00000
      0.03355      0.00000
      0.03472      0.00000
      0.03589      0.00000
      0.03705      0.00000
      0.03822      0.00000
      0.03939      0.00000
      0.04056      0.00000
      0.04172      0.00000
      0.04289      0.00000
      0.04406      0.00000
      0.04523      0.00000
      0.04640      0.00000
      0.04756      0.00000
      0.04873      0.00000
      0.04990      0.00000
      0.05107      0.00000
      0.05223      0.00000
      0.05340      0.00000
      0.05457      0.00000
      0.05574      0.00000
      0.05690      0.00000
      0.05807      0.00000
      0.05924      0.00000
      0.06041      0.00000
      0.06157      0.00000
      0.06274      0.00000
      0.06391      0.00000
      0.06508      0.00000
      0.06625      0.00000
      0.06741     -0.00000
      0.06858     -0.00000
      0.06975     -0.00000
      0.07092     -0.00000
      0.07208     -0.00000
      0.07325     -0.00000
      0.07442     -0.00000
      0.07559     -0.00000
      0.07675     -0.00000
      0.07792     -0.00000
      0.07909     -0.00000
      0.08026     -0.00000
      0.08142     -0.00000
      0.08259     -0.00000
      0.08376     -0.00000
      0.08493     -0.00000
      0.08609     -0.00000
      0.08726     -0.00000
      0.08843     -0.00000
      0.08960     -0.00000
      0.09077     -0.00000
      0.09193     -0.00000
      0.09310     -0.00000
      0.09427     -0.00000
      0.09544     -0.00000
      0.09660     -0.00000
      0.09777     -0.00000
      0.09894     -0.00000
      0.10011     -0.00000
      0.10127     -0.00001
      0.10244     -0.00001
      0.10361     -0.00003
      0.10478     -0.00004
      0.10594     -0.00007
      0.10711     -0.00011
      0.10828     -0.00017
      0.10945     -0.00026
      0.11062     -0.00037
      0.11178     -0.00053
      0.11295     -0.00072
      0.11412     -0.00096
      0.11529     -0.00124
      0.11645     -0.00155
      0.11762     -0.00189
      0.11879     -0.00223
      0.11996     -0.00256
      0.12112     -0.00285
      0.12229     -0.00308
      0.12346     -0.00324
      0.12463     -0.00330
      0.12579     -0.00327
      0.12696     -0.00314
      0.12813     -0.00293
      0.12930     -0.00265
      0.13047     -0.00233
      0.13163     -0.00199
      0.13280     -0.00165
      0.13397     -0.00133
      0.13514     -0.00104
      0.13630     -0.00079
      0.13747     -0.00058
      0.13864     -0.00042
      0.13981     -0.00029
      0.14097     -0.00019
      0.14214     -0.00013
      0.14331     -0.00008
      0.14448     -0.00005
      0.14564     -0.00003
      0.14681     -0.00002
      0.14798      0.00000
      0.14915      0.00000
      0.15032      0.00000
      0.15148      0.00000
      0.15265      0.00000
      0.15382      0.00000
      0.15499      0.00000
      0.15615      0.00000
      0.15732      0.00000
      0.15849     -0.00025
      0.15966     -0.00047
      0.16082     -0.00083
      0.16199     -0.00143
      0.16316     -0.00240
      0.16433     -0.00391
      0.16549     -0.00619
      0.16666     -0.00950
      0.16783     -0.01417
      0.16900     -0.02050
      0.17016     -0.02882
      0.17133     -0.03932
      0.17250     -0.05209
      0.17367     -0.06700
      0.17484     -0.08366
      0.17600     -0.10144
      0.17717     -0.11941
      0.17834     -0.13647
      0.17951     -0.15143
      0.18067     -0.16315
      0.18184     -0.17065
      0.18301     -0.17330
      0.18418     -0.17088
      0.18534     -0.16359
      0.18651     -0.15205
      0.18768     -0.13721
      0.18885     -0.12021
      0.19001     -0.10226
      0.19118     -0.08446
      0.19235     -0.06772
      0.19352     -0.05312
      0.19469     -0.04059
      0.19585     -0.03056
      0.19702     -0.02312
      0.19819     -0.01826
      0.19936     -0.01596
      0.20052     -0.01627
      0.20169     -0.01939
      0.20286     -0.02549
      0.20403     -0.03495
      0.20519     -0.04812
      0.20636     -0.06481
      0.20753     -0.08633
      0.20870     -0.11171
      0.20986     -0.14044
      0.21103     -0.17159
      0.21220     -0.20378
      0.21337     -0.23531
      0.21454     -0.26426
      0.21570     -0.28877
      0.21687     -0.30718
      0.21804     -0.31828
      0.21921     -0.32143
      0.22037     -0.31665
      0.22154     -0.30455
      0.22271     -0.28625
      0.22388     -0.26322
      0.22504     -0.23704
      0.22621     -0.20928
      0.22738     -0.18133
      0.22855     -0.15432
      0.22971     -0.12908
      0.23088     -0.10614
      0.23205     -0.08625
      0.23322     -0.06901
      0.23439     -0.05471
      0.23555     -0.04338
      0.23672     -0.03505
      0.23789     -0.02982
      0.23906     -0.02789
      0.24022     -0.02956
      0.24139     -0.03442
      0.24256     -0.04504
      0.24373     -0.06056
      0.24489     -0.08146
      0.24606     -0.10799
      0.24723     -0.14000
      0.24840     -0.17683
      0.24956     -0.21711
      0.25073     -0.25940
      0.25190     -0.30098
      0.25307     -0.33919
      0.25424     -0.37135
      0.25540     -0.39508
      0.25657     -0.40867
      0.25774     -0.41128
      0.25891     -0.40314
      0.26007     -0.38674
      0.26124     -0.36275
      0.26241     -0.33479
      0.26358     -0.30616
      0.26474     -0.28015
      0.26591     -0.25980
      0.26708     -0.24770
      0.26825     -0.24589
      0.26941     -0.25610
      0.27058     -0.27918
      0.27175     -0.31585
      0.27292     -0.36631
      0.27408     -0.43014
      0.27525     -0.50619
      0.27642     -0.59234
      0.27759     -0.68536
      0.27876     -0.78083
      0.27992     -0.87191
      0.28109     -0.95622
      0.28226     -1.02533
      0.28343     -1.07402
      0.28459     -1.09837
      0.28576     -1.09632
      0.28693     -1.06799
      0.28810     -1.01559
      0.28926     -0.94315
      0.29043     -0.85590
      0.29160     -0.75964
      0.29277     -0.66002
      0.29393     -0.56198
      0.29510     -0.46946
      0.29627     -0.38516
      0.29744     -0.31029
      0.29861     -0.24628
      0.29977     -0.19237
      0.30094     -0.14788
      0.30211     -0.11185
      0.30328     -0.08319
      0.30444     -0.06112
      0.30561     -0.04422
      0.30678     -0.03179
      0.30795     -0.01980
      0.30911     -0.01583
      0.31028     -0.01412
      0.31145     -0.01482
      0.31262     -0.01818
      0.31378     -0.02458
      0.31495     -0.03455
      0.31612     -0.04863
      0.31729     -0.06692
      0.31846     -0.09160
      0.31962     -0.12112
      0.32079     -0.15573
      0.32196     -0.19479
      0.32313     -0.23723
      0.32429     -0.28161
      0.32546     -0.32634
      0.32663     -0.36989
      0.32780     -0.41112
      0.32896     -0.44947
      0.33013     -0.48516
      0.33130     -0.51909
      0.33247     -0.55270
      0.33363     -0.58752
      0.33480     -0.62476
      0.33597     -0.66479
      0.33714     -0.70682
      0.33831     -0.74871
      0.33947     -0.78719
      0.34064     -0.81817
      0.34181     -0.83745
      0.34298     -0.84134
      0.34414     -0.82738
      0.34531     -0.79475
      0.34648     -0.74443
      0.34765     -0.67915
      0.34881     -0.60293
      0.34998     -0.52053
      0.35115     -0.43682
      0.35232     -0.35451
      0.35348     -0.28121
      0.35465     -0.21658
      0.35582     -0.16195
      0.35699     -0.11836
      0.35815     -0.08435
      0.35932     -0.05938
      0.36049     -0.04236
      0.36166     -0.03228
      0.36283     -0.03023
      0.36399     -0.03379
      0.36516     -0.04449
      0.36633     -0.06041
      0.36750     -0.09115
      0.36866     -0.13379
      0.36983     -0.19218
      0.37100     -0.26807
      0.37217     -0.36458
      0.37333     -0.48361
      0.37450     -0.62596
      0.37567     -0.79094
      0.37684     -0.97609
      0.37800     -1.17708
      0.37917     -1.38781
      0.38034     -1.60068
      0.38151     -1.80713
      0.38268     -1.99828
      0.38384     -2.16563
      0.38501     -2.30173
      0.38618     -2.40072
      0.38735     -2.45868
      0.38851     -2.47419
      0.38968     -2.44831
      0.39085     -2.38196
      0.39202     -2.27995
      0.39318     -2.14787
      0.39435     -1.99259
      0.39552     -1.82199
      0.39669     -1.64470
      0.39785     -1.46985
      0.39902     -1.30662
      0.40019     -1.16369
      0.40136     -1.04869
      0.40253     -0.96766
      0.40369     -0.92373
      0.40486     -0.91466
      0.40603     -0.94465
      0.40720     -1.00308
      0.40836     -1.08140
      0.40953     -1.16984
      0.41070     -1.25197
      0.41187     -1.32675
      0.41303     -1.37851
      0.41420     -1.40120
      0.41537     -1.39175
      0.41654     -1.35286
      0.41770     -1.28579
      0.41887     -1.20616
      0.42004     -1.11838
      0.42121     -1.03301
      0.42238     -0.96030
      0.42354     -0.90799
      0.42471     -0.88125
      0.42588     -0.88309
      0.42705     -0.91319
      0.42821     -0.96893
      0.42938     -1.04568
      0.43055     -1.13751
      0.43172     -1.23798
      0.43288     -1.34079
      0.43405     -1.44035
      0.43522     -1.53215
      0.43639     -1.61221
      0.43755     -1.67695
      0.43872     -1.73175
      0.43989     -1.77023
      0.44106     -1.79194
      0.44223     -1.79627
      0.44339     -1.78251
      0.44456     -1.75003
      0.44573     -1.69867
      0.44690     -1.62904
      0.44806     -1.54289
      0.44923     -1.44311
      0.45040     -1.33326
      0.45157     -1.21906
      0.45273     -1.10464
      0.45390     -0.99459
      0.45507     -0.89218
      0.45624     -0.79969
      0.45740     -0.71354
      0.45857     -0.64381
      0.45974     -0.58204
      0.46091     -0.52664
      0.46207     -0.47596
      0.46324     -0.42867
      0.46441     -0.38406
      0.46558     -0.33982
      0.46675     -0.30209
      0.46791     -0.26801
      0.46908     -0.23871
      0.47025     -0.21388
      0.47142     -0.19512
      0.47258     -0.18388
      0.47375     -0.17669
      0.47492     -0.17321
      0.47609     -0.17151
      0.47725     -0.17010
      0.47842     -0.16766
      0.47959     -0.16325
      0.48076     -0.15637
      0.48192     -0.14701
      0.48309     -0.13562
      0.48426     -0.12188
      0.48543     -0.10941
      0.48660     -0.09737
      0.48776     -0.08666
      0.48893     -0.07790
      0.49010     -0.07138
      0.49127     -0.06709
      0.49243     -0.06485
      0.49360     -0.06397
      0.49477     -0.06393
      0.49594     -0.06419
      0.49710     -0.06423
      0.49827     -0.06378
      0.49944     -0.06278
      0.50061     -0.06141
      0.50177     -0.05951
      0.50294     -0.05897
      0.50411     -0.05950
      0.50528     -0.06174
      0.50645     -0.06616
      0.50761     -0.07305
      0.50878     -0.08239
      0.50995     -0.09387
      0.51112     -0.10683
      0.51228     -0.12039
      0.51345     -0.13346
      0.51462     -0.14491
      0.51579     -0.15369
      0.51695     -0.15893
      0.51812     -0.16009
      0.51929     -0.15698
      0.52046     -0.14957
      0.52162     -0.13898
      0.52279     -0.12601
      0.52396     -0.11122
      0.52513     -0.09593
      0.52630     -0.08122
      0.52746     -0.06809
      0.52863     -0.05745
      0.52980     -0.05007
      0.53097     -0.04664
      0.53213     -0.04775
      0.53330     -0.05396
      0.53447     -0.06571
      0.53564     -0.08329
      0.53680     -0.10709
      0.53797     -0.13645
      0.53914     -0.17084
      0.54031     -0.20865
      0.54147     -0.24927
      0.54264     -0.28992
      0.54381     -0.32833
      0.54498     -0.36247
      0.54614     -0.39031
      0.54731     -0.41062
      0.54848     -0.42294
      0.54965     -0.42784
      0.55082     -0.42637
      0.55198     -0.42040
      0.55315     -0.41198
      0.55432     -0.40307
      0.55549     -0.39520
      0.55665     -0.38928
      0.55782     -0.38548
      0.55899     -0.38335
      0.56016     -0.38199
      0.56132     -0.38028
      0.56249     -0.37719
      0.56366     -0.37193
      0.56483     -0.36411
      0.56599     -0.35364
