#     PDOS  shell 4 (p) of atom 5 o  (Mulliken)
#     E - Ef       total
# Ef =         0.3840051700
     -0.83401      0.00000
     -0.83284      0.00000
     -0.83167      0.00000
     -0.83050      0.00000
     -0.82933      0.00000
     -0.82817      0.00000
     -0.82700      0.00000
     -0.82583      0.00000
     -0.82466      0.00000
     -0.82350      0.00000
     -0.82233      0.00000
     -0.82116      0.00000
     -0.81999      0.00000
     -0.81883      0.00000
     -0.81766      0.00000
     -0.81649      0.00000
     -0.81532      0.00000
     -0.81416      0.00000
     -0.81299      0.00000
     -0.81182      0.00000
     -0.81065      0.00000
     -0.80948      0.00000
     -0.80832      0.00000
     -0.80715      0.00000
     -0.80598      0.00000
     -0.80481      0.00000
     -0.80365      0.00000
     -0.80248      0.00000
     -0.80131      0.00000
     -0.80014      0.00000
     -0.79898      0.00000
     -0.79781      0.00000
     -0.79664      0.00000
     -0.79547      0.00000
     -0.79431      0.00000
     -0.79314      0.00000
     -0.79197      0.00000
     -0.79080      0.00000
     -0.78963      0.00000
     -0.78847      0.00000
     -0.78730      0.00000
     -0.78613      0.00000
     -0.78496      0.00000
     -0.78380      0.00000
     -0.78263      0.00000
     -0.78146      0.00000
     -0.78029      0.00000
     -0.77913      0.00000
     -0.77796      0.00000
     -0.77679      0.00000
     -0.77562      0.00000
     -0.77446      0.00000
     -0.77329      0.00000
     -0.77212      0.00000
     -0.77095      0.00000
     -0.76978      0.00000
     -0.76862      0.00000
     -0.76745      0.00000
     -0.76628      0.00000
     -0.76511      0.00000
     -0.76395      0.00000
     -0.76278      0.00000
     -0.76161      0.00000
     -0.76044      0.00000
     -0.75928      0.00000
     -0.75811      0.00000
     -0.75694      0.00000
     -0.75577      0.00000
     -0.75461      0.00000
     -0.75344      0.00000
     -0.75227      0.00000
     -0.75110      0.00000
     -0.74994      0.00000
     -0.74877      0.00000
     -0.74760      0.00000
     -0.74643      0.00000
     -0.74526      0.00000
     -0.74410      0.00000
     -0.74293      0.00000
     -0.74176      0.00000
     -0.74059      0.00000
     -0.73943      0.00000
     -0.73826      0.00000
     -0.73709      0.00000
     -0.73592      0.00000
     -0.73476      0.00000
     -0.73359      0.00000
     -0.73242      0.00000
     -0.73125      0.00000
     -0.73009      0.00000
     -0.72892      0.00000
     -0.72775      0.00000
     -0.72658      0.00001
     -0.72541      0.00001
     -0.72425      0.00002
     -0.72308      0.00003
     -0.72191      0.00005
     -0.72074      0.00007
     -0.71958      0.00010
     -0.71841      0.00013
     -0.71724      0.00017
     -0.71607      0.00023
     -0.71491      0.00029
     -0.71374      0.00037
     -0.71257      0.00044
     -0.71140      0.00053
     -0.71024      0.00062
     -0.70907      0.00073
     -0.70790      0.00084
     -0.70673      0.00097
     -0.70556      0.00113
     -0.70440      0.00133
     -0.70323      0.00157
     -0.70206      0.00185
     -0.70089      0.00220
     -0.69973      0.00259
     -0.69856      0.00303
     -0.69739      0.00349
     -0.69622      0.00396
     -0.69506      0.00443
     -0.69389      0.00487
     -0.69272      0.00526
     -0.69155      0.00559
     -0.69039      0.00587
     -0.68922      0.00610
     -0.68805      0.00631
     -0.68688      0.00649
     -0.68571      0.00668
     -0.68455      0.00688
     -0.68338      0.00711
     -0.68221      0.00737
     -0.68104      0.00766
     -0.67988      0.00798
     -0.67871      0.00831
     -0.67754      0.00866
     -0.67637      0.00901
     -0.67521      0.00937
     -0.67404      0.00972
     -0.67287      0.01006
     -0.67170      0.01036
     -0.67054      0.01062
     -0.66937      0.01082
     -0.66820      0.01093
     -0.66703      0.01095
     -0.66587      0.01086
     -0.66470      0.01065
     -0.66353      0.01031
     -0.66236      0.00985
     -0.66119      0.00929
     -0.66003      0.00864
     -0.65886      0.00793
     -0.65769      0.00717
     -0.65652      0.00639
     -0.65536      0.00563
     -0.65419      0.00490
     -0.65302      0.00420
     -0.65185      0.00355
     -0.65069      0.00296
     -0.64952      0.00243
     -0.64835      0.00196
     -0.64718      0.00154
     -0.64602      0.00120
     -0.64485      0.00092
     -0.64368      0.00069
     -0.64251      0.00051
     -0.64134      0.00036
     -0.64018      0.00024
     -0.63901      0.00016
     -0.63784      0.00011
     -0.63667      0.00007
     -0.63551      0.00005
     -0.63434      0.00003
     -0.63317      0.00001
     -0.63200      0.00001
     -0.63084      0.00000
     -0.62967      0.00000
     -0.62850      0.00000
     -0.62733      0.00000
     -0.62617      0.00000
     -0.62500      0.00000
     -0.62383      0.00000
     -0.62266      0.00000
     -0.62149      0.00000
     -0.62033      0.00000
     -0.61916      0.00000
     -0.61799      0.00000
     -0.61682      0.00000
     -0.61566      0.00000
     -0.61449      0.00000
     -0.61332      0.00000
     -0.61215      0.00000
     -0.61099      0.00000
     -0.60982      0.00000
     -0.60865      0.00000
     -0.60748      0.00000
     -0.60632      0.00000
     -0.60515      0.00000
     -0.60398      0.00000
     -0.60281      0.00000
     -0.60164      0.00000
     -0.60048      0.00000
     -0.59931      0.00000
     -0.59814      0.00000
     -0.59697      0.00000
     -0.59581      0.00000
     -0.59464      0.00000
     -0.59347      0.00000
     -0.59230      0.00000
     -0.59114      0.00000
     -0.58997      0.00000
     -0.58880      0.00000
     -0.58763      0.00000
     -0.58647      0.00000
     -0.58530      0.00000
     -0.58413      0.00000
     -0.58296      0.00000
     -0.58179      0.00000
     -0.58063      0.00000
     -0.57946      0.00000
     -0.57829      0.00000
     -0.57712      0.00000
     -0.57596      0.00000
     -0.57479      0.00000
     -0.57362      0.00000
     -0.57245      0.00000
     -0.57129      0.00000
     -0.57012      0.00000
     -0.56895      0.00000
     -0.56778      0.00000
     -0.56662      0.00000
     -0.56545      0.00000
     -0.56428      0.00000
     -0.56311      0.00000
     -0.56195      0.00000
     -0.56078      0.00000
     -0.55961      0.00000
     -0.55844      0.00000
     -0.55727      0.00000
     -0.55611      0.00000
     -0.55494      0.00000
     -0.55377      0.00000
     -0.55260      0.00000
     -0.55144      0.00000
     -0.55027      0.00000
     -0.54910      0.00000
     -0.54793      0.00000
     -0.54677      0.00000
     -0.54560      0.00000
     -0.54443      0.00000
     -0.54326      0.00000
     -0.54210      0.00000
     -0.54093      0.00000
     -0.53976      0.00000
     -0.53859      0.00000
     -0.53742      0.00000
     -0.53626      0.00000
     -0.53509      0.00000
     -0.53392      0.00000
     -0.53275      0.00000
     -0.53159      0.00000
     -0.53042      0.00000
     -0.52925      0.00000
     -0.52808      0.00000
     -0.52692      0.00000
     -0.52575      0.00000
     -0.52458      0.00000
     -0.52341      0.00000
     -0.52225      0.00000
     -0.52108      0.00000
     -0.51991      0.00000
     -0.51874      0.00000
     -0.51757      0.00000
     -0.51641      0.00000
     -0.51524      0.00000
     -0.51407      0.00000
     -0.51290      0.00000
     -0.51174      0.00000
     -0.51057      0.00000
     -0.50940      0.00000
     -0.50823      0.00000
     -0.50707      0.00000
     -0.50590      0.00000
     -0.50473      0.00000
     -0.50356      0.00000
     -0.50240      0.00000
     -0.50123      0.00000
     -0.50006      0.00000
     -0.49889      0.00000
     -0.49772      0.00000
     -0.49656      0.00000
     -0.49539      0.00000
     -0.49422      0.00000
     -0.49305      0.00000
     -0.49189      0.00000
     -0.49072      0.00000
     -0.48955      0.00000
     -0.48838      0.00000
     -0.48722      0.00000
     -0.48605      0.00000
     -0.48488      0.00000
     -0.48371      0.00000
     -0.48255      0.00000
     -0.48138      0.00000
     -0.48021      0.00000
     -0.47904      0.00000
     -0.47788      0.00000
     -0.47671      0.00000
     -0.47554      0.00000
     -0.47437      0.00000
     -0.47320      0.00000
     -0.47204      0.00000
     -0.47087      0.00000
     -0.46970      0.00000
     -0.46853      0.00000
     -0.46737      0.00000
     -0.46620      0.00000
     -0.46503      0.00000
     -0.46386      0.00000
     -0.46270      0.00000
     -0.46153      0.00000
     -0.46036      0.00000
     -0.45919      0.00000
     -0.45803      0.00000
     -0.45686      0.00000
     -0.45569      0.00000
     -0.45452      0.00000
     -0.45335      0.00000
     -0.45219      0.00000
     -0.45102      0.00000
     -0.44985      0.00000
     -0.44868      0.00000
     -0.44752      0.00000
     -0.44635      0.00000
     -0.44518      0.00000
     -0.44401      0.00000
     -0.44285      0.00000
     -0.44168      0.00000
     -0.44051      0.00000
     -0.43934      0.00000
     -0.43818      0.00000
     -0.43701      0.00000
     -0.43584      0.00000
     -0.43467      0.00000
     -0.43350      0.00000
     -0.43234      0.00000
     -0.43117      0.00000
     -0.43000      0.00000
     -0.42883      0.00000
     -0.42767      0.00000
     -0.42650      0.00000
     -0.42533      0.00000
     -0.42416      0.00000
     -0.42300      0.00000
     -0.42183      0.00000
     -0.42066      0.00000
     -0.41949      0.00000
     -0.41833      0.00000
     -0.41716      0.00000
     -0.41599      0.00000
     -0.41482      0.00000
     -0.41365      0.00000
     -0.41249      0.00000
     -0.41132      0.00000
     -0.41015      0.00000
     -0.40898      0.00000
     -0.40782      0.00000
     -0.40665      0.00000
     -0.40548      0.00000
     -0.40431      0.00000
     -0.40315      0.00000
     -0.40198      0.00000
     -0.40081      0.00000
     -0.39964      0.00000
     -0.39848      0.00000
     -0.39731      0.00000
     -0.39614      0.00000
     -0.39497      0.00000
     -0.39381      0.00000
     -0.39264      0.00000
     -0.39147      0.00000
     -0.39030      0.00000
     -0.38913      0.00000
     -0.38797      0.00000
     -0.38680      0.00000
     -0.38563      0.00000
     -0.38446      0.00000
     -0.38330      0.00000
     -0.38213      0.00000
     -0.38096      0.00000
     -0.37979      0.00000
     -0.37863      0.00000
     -0.37746      0.00000
     -0.37629      0.00000
     -0.37512      0.00000
     -0.37396      0.00000
     -0.37279      0.00000
     -0.37162      0.00000
     -0.37045      0.00000
     -0.36928      0.00000
     -0.36812      0.00000
     -0.36695      0.00000
     -0.36578      0.00000
     -0.36461      0.00000
     -0.36345      0.00000
     -0.36228      0.00000
     -0.36111      0.00000
     -0.35994      0.00000
     -0.35878      0.00000
     -0.35761      0.00000
     -0.35644      0.00000
     -0.35527      0.00000
     -0.35411      0.00000
     -0.35294      0.00000
     -0.35177      0.00000
     -0.35060      0.00000
     -0.34943      0.00000
     -0.34827      0.00000
     -0.34710      0.00000
     -0.34593      0.00000
     -0.34476      0.00000
     -0.34360      0.00000
     -0.34243      0.00000
     -0.34126      0.00000
     -0.34009      0.00000
     -0.33893      0.00000
     -0.33776      0.00000
     -0.33659      0.00000
     -0.33542      0.00000
     -0.33426      0.00000
     -0.33309      0.00000
     -0.33192      0.00000
     -0.33075      0.00000
     -0.32958      0.00000
     -0.32842      0.00000
     -0.32725      0.00000
     -0.32608      0.00000
     -0.32491      0.00000
     -0.32375      0.00000
     -0.32258      0.00000
     -0.32141      0.00000
     -0.32024      0.00000
     -0.31908      0.00000
     -0.31791      0.00000
     -0.31674      0.00000
     -0.31557      0.00000
     -0.31441      0.00000
     -0.31324      0.00000
     -0.31207      0.00000
     -0.31090      0.00000
     -0.30973      0.00000
     -0.30857      0.00000
     -0.30740      0.00000
     -0.30623      0.00000
     -0.30506      0.00000
     -0.30390      0.00000
     -0.30273      0.00000
     -0.30156      0.00000
     -0.30039      0.00000
     -0.29923      0.00000
     -0.29806      0.00000
     -0.29689      0.00000
     -0.29572      0.00000
     -0.29456      0.00000
     -0.29339      0.00000
     -0.29222      0.00000
     -0.29105      0.00000
     -0.28989      0.00000
     -0.28872      0.00000
     -0.28755      0.00000
     -0.28638      0.00000
     -0.28521      0.00000
     -0.28405      0.00000
     -0.28288      0.00000
     -0.28171      0.00000
     -0.28054      0.00000
     -0.27938      0.00000
     -0.27821      0.00000
     -0.27704      0.00176
     -0.27587      0.00329
     -0.27471      0.00598
     -0.27354      0.01054
     -0.27237      0.01803
     -0.27120      0.02997
     -0.27004      0.04835
     -0.26887      0.07574
     -0.26770      0.11519
     -0.26653      0.17086
     -0.26536      0.24529
     -0.26420      0.34204
     -0.26303      0.46334
     -0.26186      0.60982
     -0.26069      0.77999
     -0.25953      0.96980
     -0.25836      1.17546
     -0.25719      1.38458
     -0.25602      1.58879
     -0.25486      1.77993
     -0.25369      1.94702
     -0.25252      2.09030
     -0.25135      2.20203
     -0.25019      2.28852
     -0.24902      2.35835
     -0.24785      2.42437
     -0.24668      2.50256
     -0.24551      2.61438
     -0.24435      2.77231
     -0.24318      2.99427
     -0.24201      3.29252
     -0.24084      3.67599
     -0.23968      4.14409
     -0.23851      4.69245
     -0.23734      5.30902
     -0.23617      5.97524
     -0.23501      6.66715
     -0.23384      7.35706
     -0.23267      8.01847
     -0.23150      8.62017
     -0.23034      9.13951
     -0.22917      9.55059
     -0.22800      9.86018
     -0.22683     10.05156
     -0.22566     10.12718
     -0.22450     10.09419
     -0.22333      9.96286
     -0.22216      9.74498
     -0.22099      9.45262
     -0.21983      9.09743
     -0.21866      8.68661
     -0.21749      8.23975
     -0.21632      7.76047
     -0.21516      7.25822
     -0.21399      6.74163
     -0.21282      6.21821
     -0.21165      5.69413
     -0.21049      5.16883
     -0.20932      4.65909
     -0.20815      4.16315
     -0.20698      3.67164
     -0.20582      3.21092
     -0.20465      2.76153
     -0.20348      2.36453
     -0.20231      2.00562
     -0.20114      1.69812
     -0.19998      1.45427
     -0.19881      1.28940
     -0.19764      1.19534
     -0.19647      1.22496
     -0.19531      1.36119
     -0.19414      1.61212
     -0.19297      1.97152
     -0.19180      2.46075
     -0.19064      3.05443
     -0.18947      3.73548
     -0.18830      4.47817
     -0.18713      5.24893
     -0.18597      6.00834
     -0.18480      6.70771
     -0.18363      7.32101
     -0.18246      7.80080
     -0.18129      8.11869
     -0.18013      8.26542
     -0.17896      8.22535
     -0.17779      8.01146
     -0.17662      7.64441
     -0.17546      7.15522
     -0.17429      6.58283
     -0.17312      5.97144
     -0.17195      5.36761
     -0.17079      4.81742
     -0.16962      4.36373
     -0.16845      4.04813
     -0.16728      3.89385
     -0.16612      3.92021
     -0.16495      4.13227
     -0.16378      4.52343
     -0.16261      5.06572
     -0.16144      5.72665
     -0.16028      6.43633
     -0.15911      7.19968
     -0.15794      7.93124
     -0.15677      8.59466
     -0.15561      9.15735
     -0.15444      9.63109
     -0.15327     10.01809
     -0.15210     10.33716
     -0.15094     10.62135
     -0.14977     10.92722
     -0.14860     11.27242
     -0.14743     11.68395
     -0.14627     12.17230
     -0.14510     12.73817
     -0.14393     13.36120
     -0.14276     14.02256
     -0.14159     14.70021
     -0.14043     15.37628
     -0.13926     16.04040
     -0.13809     16.69291
     -0.13692     17.33505
     -0.13576     17.98025
     -0.13459     18.62583
     -0.13342     19.27080
     -0.13225     19.87520
     -0.13109     20.47551
     -0.12992     20.98793
     -0.12875     21.37003
     -0.12758     21.58025
     -0.12642     21.58645
     -0.12525     21.37341
     -0.12408     20.94767
     -0.12291     20.33847
     -0.12174     19.59649
     -0.12058     18.75530
     -0.11941     17.93697
     -0.11824     17.16327
     -0.11707     16.46964
     -0.11591     15.86298
     -0.11474     15.36034
     -0.11357     14.90402
     -0.11240     14.48164
     -0.11124     14.01571
     -0.11007     13.49185
     -0.10890     12.86444
     -0.10773     12.12437
     -0.10657     11.28142
     -0.10540     10.33825
     -0.10423      9.38457
     -0.10306      8.41974
     -0.10190      7.48143
     -0.10073      6.64365
     -0.09956      5.88172
     -0.09839      5.20361
     -0.09722      4.59733
     -0.09606      4.07287
     -0.09489      3.60164
     -0.09372      3.17028
     -0.09255      2.76829
     -0.09139      2.38943
     -0.09022      2.02490
     -0.08905      1.69345
     -0.08788      1.35986
     -0.08672      1.09613
     -0.08555      0.86131
     -0.08438      0.65058
     -0.08321      0.48691
     -0.08205      0.35451
     -0.08088      0.25111
     -0.07971      0.17305
     -0.07854      0.11604
     -0.07737      0.07571
     -0.07621      0.04806
     -0.07504      0.02969
     -0.07387      0.00900
     -0.07270      0.00551
     -0.07154      0.00328
     -0.07037      0.00000
     -0.06920      0.00000
     -0.06803      0.00000
     -0.06687      0.00000
     -0.06570      0.00000
     -0.06453      0.00000
     -0.06336      0.00000
     -0.06220      0.00000
     -0.06103      0.00000
     -0.05986      0.00000
     -0.05869      0.00000
     -0.05752      0.00000
     -0.05636      0.00000
     -0.05519      0.00000
     -0.05402      0.00000
     -0.05285      0.00000
     -0.05169      0.00000
     -0.05052      0.00000
     -0.04935      0.00000
     -0.04818      0.00000
     -0.04702      0.00000
     -0.04585      0.00000
     -0.04468      0.00000
     -0.04351      0.00000
     -0.04235      0.00000
     -0.04118      0.00000
     -0.04001      0.00000
     -0.03884      0.00000
     -0.03767      0.00000
     -0.03651      0.00000
     -0.03534      0.00000
     -0.03417      0.00000
     -0.03300      0.00000
     -0.03184      0.00000
     -0.03067      0.00000
     -0.02950      0.00000
     -0.02833      0.00000
     -0.02717      0.00000
     -0.02600      0.00000
     -0.02483      0.00000
     -0.02366      0.00000
     -0.02250      0.00000
     -0.02133      0.00000
     -0.02016      0.00000
     -0.01899      0.00000
     -0.01783      0.00000
     -0.01666      0.00000
     -0.01549      0.00000
     -0.01432      0.00000
     -0.01315      0.00000
     -0.01199      0.00000
     -0.01082      0.00000
     -0.00965      0.00000
     -0.00848      0.00000
     -0.00732      0.00000
     -0.00615      0.00000
     -0.00498      0.00000
     -0.00381      0.00000
     -0.00265      0.00000
     -0.00148      0.00000
     -0.00031      0.00000
      0.00086      0.00000
      0.00202      0.00000
      0.00319      0.00000
      0.00436      0.00000
      0.00553      0.00000
      0.00670      0.00000
      0.00786      0.00000
      0.00903      0.00000
      0.01020      0.00000
      0.01137      0.00000
      0.01253      0.00000
      0.01370      0.00000
      0.01487      0.00000
      0.01604      0.00000
      0.01720      0.00000
      0.01837      0.00000
      0.01954      0.00000
      0.02071      0.00000
      0.02187      0.00000
      0.02304      0.00000
      0.02421      0.00000
      0.02538      0.00000
      0.02655      0.00000
      0.02771      0.00000
      0.02888      0.00000
      0.03005      0.00000
      0.03122      0.00000
      0.03238      0.00000
      0.03355      0.00000
      0.03472      0.00000
      0.03589      0.00000
      0.03705      0.00000
      0.03822      0.00000
      0.03939      0.00000
      0.04056      0.00000
      0.04172      0.00000
      0.04289      0.00000
      0.04406      0.00000
      0.04523      0.00000
      0.04640      0.00000
      0.04756      0.00000
      0.04873      0.00000
      0.04990      0.00000
      0.05107      0.00000
      0.05223      0.00000
      0.05340      0.00000
      0.05457      0.00000
      0.05574      0.00000
      0.05690      0.00000
      0.05807      0.00000
      0.05924      0.00000
      0.06041      0.00000
      0.06157      0.00000
      0.06274      0.00000
      0.06391      0.00000
      0.06508      0.00000
      0.06625      0.00000
      0.06741      0.00000
      0.06858      0.00000
      0.06975      0.00000
      0.07092      0.00000
      0.07208      0.00000
      0.07325      0.00000
      0.07442      0.00000
      0.07559      0.00000
      0.07675      0.00000
      0.07792      0.00000
      0.07909      0.00000
      0.08026      0.00000
      0.08142      0.00000
      0.08259      0.00000
      0.08376      0.00000
      0.08493      0.00000
      0.08609      0.00000
      0.08726      0.00000
      0.08843      0.00000
      0.08960      0.00000
      0.09077      0.00000
      0.09193      0.00000
      0.09310      0.00000
      0.09427      0.00000
      0.09544      0.00000
      0.09660      0.00000
      0.09777      0.00000
      0.09894      0.00000
      0.10011      0.00022
      0.10127      0.00041
      0.10244      0.00072
      0.10361      0.00126
      0.10478      0.00212
      0.10594      0.00346
      0.10711      0.00549
      0.10828      0.00847
      0.10945      0.01267
      0.11062      0.01841
      0.11178      0.02597
      0.11295      0.03557
      0.11412      0.04731
      0.11529      0.06109
      0.11645      0.07658
      0.11762      0.09321
      0.11879      0.11014
      0.11996      0.12637
      0.12112      0.14077
      0.12229      0.15224
      0.12346      0.15986
      0.12463      0.16298
      0.12579      0.16132
      0.12696      0.15503
      0.12813      0.14465
      0.12930      0.13104
      0.13047      0.11525
      0.13163      0.09842
      0.13280      0.08160
      0.13397      0.06568
      0.13514      0.05134
      0.13630      0.03895
      0.13747      0.02870
      0.13864      0.02053
      0.13981      0.01426
      0.14097      0.00961
      0.14214      0.00629
      0.14331      0.00400
      0.14448      0.00247
      0.14564      0.00148
      0.14681      0.00086
      0.14798      0.00000
      0.14915      0.00000
      0.15032      0.00000
      0.15148      0.00000
      0.15265      0.00000
      0.15382      0.00000
      0.15499      0.00000
      0.15615      0.00000
      0.15732      0.00000
      0.15849      0.00141
      0.15966      0.00259
      0.16082      0.00461
      0.16199      0.00797
      0.16316      0.01337
      0.16433      0.02177
      0.16549      0.03443
      0.16666      0.05287
      0.16783      0.07883
      0.16900      0.11410
      0.17016      0.16036
      0.17133      0.21880
      0.17250      0.28985
      0.17367      0.37281
      0.17484      0.46556
      0.17600      0.56446
      0.17717      0.66446
      0.17834      0.75940
      0.17951      0.84267
      0.18067      0.90784
      0.18184      0.94960
      0.18301      0.96438
      0.18418      0.95088
      0.18534      0.91029
      0.18651      0.84608
      0.18768      0.76351
      0.18885      0.66894
      0.19001      0.56904
      0.19118      0.46997
      0.19235      0.37685
      0.19352      0.29472
      0.19469      0.22421
      0.19585      0.16711
      0.19702      0.12353
      0.19819      0.09295
      0.19936      0.07468
      0.20052      0.06813
      0.20169      0.07320
      0.20286      0.08992
      0.20403      0.11895
      0.20519      0.16105
      0.20636      0.21422
      0.20753      0.28511
      0.20870      0.36858
      0.20986      0.46285
      0.21103      0.56468
      0.21220      0.66940
      0.21337      0.77121
      0.21454      0.86372
      0.21570      0.94060
      0.21687      0.99639
      0.21804      1.02714
      0.21921      1.03092
      0.22037      1.00804
      0.22154      0.96095
      0.22271      0.89381
      0.22388      0.81191
      0.22504      0.72098
      0.22621      0.62655
      0.22738      0.53342
      0.22855      0.44538
      0.22971      0.36505
      0.23088      0.29395
      0.23205      0.23390
      0.23322      0.18336
      0.23439      0.14269
      0.23555      0.11146
      0.23672      0.08934
      0.23789      0.07628
      0.23906      0.07255
      0.24022      0.07887
      0.24139      0.09354
      0.24256      0.12490
      0.24373      0.16977
      0.24489      0.22964
      0.24606      0.30525
      0.24723      0.39624
      0.24840      0.50077
      0.24956      0.61522
      0.25073      0.73506
      0.25190      0.85293
      0.25307      0.96130
      0.25424      1.05257
      0.25540      1.12005
      0.25657      1.15889
      0.25774      1.16679
      0.25891      1.14445
      0.26007      1.09831
      0.26124      1.03108
      0.26241      0.95254
      0.26358      0.87178
      0.26474      0.79780
      0.26591      0.73866
      0.26708      0.70092
      0.26825      0.68951
      0.26941      0.70809
      0.27058      0.75800
      0.27175      0.84013
      0.27292      0.95405
      0.27408      1.09809
      0.27525      1.26906
      0.27642      1.46182
      0.27759      1.66887
      0.27876      1.88034
      0.27992      2.07998
      0.28109      2.26476
      0.28226      2.41441
      0.28343      2.51734
      0.28459      2.56488
      0.28576      2.55249
      0.28693      2.48052
      0.28810      2.35409
      0.28926      2.18244
      0.29043      1.97758
      0.29160      1.75273
      0.29277      1.52085
      0.29393      1.29326
      0.29510      1.07892
      0.29627      0.88399
      0.29744      0.71090
      0.29861      0.56353
      0.29977      0.43959
      0.30094      0.33748
      0.30211      0.25494
      0.30328      0.18939
      0.30444      0.13905
      0.30561      0.10055
      0.30678      0.07232
      0.30795      0.04507
      0.30911      0.03633
      0.31028      0.03285
      0.31145      0.03499
      0.31262      0.04344
      0.31378      0.05917
      0.31495      0.08344
      0.31612      0.11762
      0.31729      0.16203
      0.31846      0.22143
      0.31962      0.29262
      0.32079      0.37590
      0.32196      0.46960
      0.32313      0.57094
      0.32429      0.67615
      0.32546      0.78098
      0.32663      0.88129
      0.32780      0.97371
      0.32896      1.05630
      0.33013      1.12892
      0.33130      1.19327
      0.33247      1.25242
      0.33363      1.31013
      0.33480      1.36971
      0.33597      1.43301
      0.33714      1.49956
      0.33831      1.56617
      0.33947      1.62712
      0.34064      1.67489
      0.34181      1.70144
      0.34298      1.69954
      0.34414      1.66418
      0.34531      1.59349
      0.34648      1.48920
      0.34765      1.35637
      0.34881      1.20273
      0.34998      1.03748
      0.35115      0.87010
      0.35232      0.70512
      0.35348      0.55934
      0.35465      0.43078
      0.35582      0.32212
      0.35699      0.23526
      0.35815      0.16745
      0.35932      0.11754
      0.36049      0.08326
      0.36166      0.06251
      0.36283      0.05675
      0.36399      0.06164
      0.36516      0.07956
      0.36633      0.10622
      0.36750      0.16030
      0.36866      0.23506
      0.36983      0.33845
      0.37100      0.47222
      0.37217      0.64261
      0.37333      0.85340
      0.37450      1.10663
      0.37567      1.40212
      0.37684      1.73701
      0.37800      2.10565
      0.37917      2.49969
      0.38034      2.90852
      0.38151      3.31988
      0.38268      3.72058
      0.38384      4.09725
      0.38501      4.43698
      0.38618      4.72779
      0.38735      4.95892
      0.38851      5.12189
      0.38968      5.21151
      0.39085      5.21928
      0.39202      5.14513
      0.39318      4.99105
      0.39435      4.76342
      0.39552      4.47355
      0.39669      4.13771
      0.39785      3.77653
      0.39902      3.41376
      0.40019      3.07435
      0.40136      2.78207
      0.40253      2.55774
      0.40369      2.41458
      0.40486      2.35425
      0.40603      2.38659
      0.40720      2.49191
      0.40836      2.65138
      0.40953      2.84304
      0.41070      3.02950
      0.41187      3.20157
      0.41303      3.32596
      0.41420      3.38761
      0.41537      3.37837
      0.41654      3.30602
      0.41770      3.17164
      0.41887      3.01753
      0.42004      2.85225
      0.42121      2.70231
      0.42238      2.59385
      0.42354      2.54576
      0.42471      2.57073
      0.42588      2.67579
      0.42705      2.85874
      0.42821      3.11116
      0.42938      3.41881
      0.43055      3.76377
      0.43172      4.12644
      0.43288      4.48760
      0.43405      4.83010
      0.43522      5.13999
      0.43639      5.40677
      0.43755      5.61783
      0.43872      5.78767
      0.43989      5.90021
      0.44106      5.95472
      0.44223      5.95038
      0.44339      5.88635
      0.44456      5.76243
      0.44573      5.58003
      0.44690      5.34320
      0.44806      5.05935
      0.44923      4.73935
      0.45040      4.39544
      0.45157      4.04630
      0.45273      3.70433
      0.45390      3.38271
      0.45507      3.08953
      0.45624      2.82912
      0.45740      2.58603
      0.45857      2.39127
      0.45974      2.21376
      0.46091      2.04659
      0.46207      1.88353
      0.46324      1.72052
      0.46441      1.55642
      0.46558      1.38533
      0.46675      1.23042
      0.46791      1.08447
      0.46908      0.95358
      0.47025      0.83866
      0.47142      0.74752
      0.47258      0.68405
      0.47375      0.63827
      0.47492      0.60921
      0.47609      0.59002
      0.47725      0.57533
      0.47842      0.56023
      0.47959      0.54094
      0.48076      0.51531
      0.48192      0.48288
      0.48309      0.44474
      0.48426      0.39849
      0.48543      0.35842
      0.48660      0.31987
      0.48776      0.28579
      0.48893      0.25818
      0.49010      0.23798
      0.49127      0.22503
      0.49243      0.21866
      0.49360      0.21663
      0.49477      0.21710
      0.49594      0.21815
      0.49710      0.21802
      0.49827      0.21567
      0.49944      0.21077
      0.50061      0.20375
      0.50177      0.19388
      0.50294      0.18725
      0.50411      0.18274
      0.50528      0.18230
      0.50645      0.18753
      0.50761      0.19942
      0.50878      0.21818
      0.50995      0.24316
      0.51112      0.27286
      0.51228      0.30504
      0.51345      0.33699
      0.51462      0.36577
      0.51579      0.38858
      0.51695      0.40308
      0.51812      0.40770
      0.51929      0.40172
      0.52046      0.38468
      0.52162      0.35965
      0.52279      0.32860
      0.52396      0.29238
      0.52513      0.25461
      0.52630      0.21825
      0.52746      0.18619
      0.52863      0.16119
      0.52980      0.14584
      0.53097      0.14268
      0.53213      0.15412
      0.53330      0.18251
      0.53447      0.22993
      0.53564      0.29795
      0.53680      0.38845
      0.53797      0.49936
      0.53914      0.62907
      0.54031      0.77244
      0.54147      0.92594
      0.54264      1.08025
      0.54381      1.22711
      0.54498      1.35852
      0.54614      1.46710
      0.54731      1.54809
      0.54848      1.59989
      0.54965      1.62460
      0.55082      1.62644
      0.55198      1.61265
      0.55315      1.59121
      0.55432      1.56976
      0.55549      1.55426
      0.55665      1.54820
      0.55782      1.55220
      0.55899      1.56425
      0.56016      1.58034
      0.56132      1.59541
      0.56249      1.60436
      0.56366      1.60288
      0.56483      1.58797
      0.56599      1.55811
