#     PDOS  shell 6 (p) of atom 1 mg  (Mulliken)
#     E - Ef       total
# Ef =         0.3840051700
     -0.83401      0.00000
     -0.83284      0.00000
     -0.83167      0.00000
     -0.83050      0.00000
     -0.82933      0.00000
     -0.82817      0.00000
     -0.82700      0.00000
     -0.82583      0.00000
     -0.82466      0.00000
     -0.82350      0.00000
     -0.82233      0.00000
     -0.82116      0.00000
     -0.81999      0.00000
     -0.81883      0.00000
     -0.81766      0.00000
     -0.81649      0.00000
     -0.81532      0.00000
     -0.81416      0.00000
     -0.81299      0.00000
     -0.81182      0.00000
     -0.81065      0.00000
     -0.80948      0.00000
     -0.80832      0.00000
     -0.80715      0.00000
     -0.80598      0.00000
     -0.80481      0.00000
     -0.80365      0.00000
     -0.80248      0.00000
     -0.80131      0.00000
     -0.80014      0.00000
     -0.79898      0.00000
     -0.79781      0.00000
     -0.79664      0.00000
     -0.79547      0.00000
     -0.79431      0.00000
     -0.79314      0.00000
     -0.79197      0.00000
     -0.79080      0.00000
     -0.78963      0.00000
     -0.78847      0.00000
     -0.78730      0.00000
     -0.78613      0.00000
     -0.78496      0.00000
     -0.78380      0.00000
     -0.78263      0.00000
     -0.78146      0.00000
     -0.78029      0.00000
     -0.77913      0.00000
     -0.77796      0.00000
     -0.77679      0.00000
     -0.77562      0.00000
     -0.77446      0.00000
     -0.77329      0.00000
     -0.77212      0.00000
     -0.77095      0.00000
     -0.76978      0.00000
     -0.76862      0.00000
     -0.76745      0.00000
     -0.76628      0.00000
     -0.76511      0.00000
     -0.76395      0.00000
     -0.76278      0.00000
     -0.76161      0.00000
     -0.76044      0.00000
     -0.75928      0.00000
     -0.75811      0.00000
     -0.75694      0.00000
     -0.75577      0.00000
     -0.75461      0.00000
     -0.75344      0.00000
     -0.75227      0.00000
     -0.75110      0.00000
     -0.74994      0.00000
     -0.74877      0.00000
     -0.74760      0.00000
     -0.74643      0.00000
     -0.74526      0.00000
     -0.74410      0.00000
     -0.74293      0.00000
     -0.74176      0.00000
     -0.74059      0.00000
     -0.73943      0.00000
     -0.73826      0.00000
     -0.73709      0.00000
     -0.73592      0.00000
     -0.73476      0.00000
     -0.73359      0.00000
     -0.73242      0.00000
     -0.73125      0.00001
     -0.73009      0.00003
     -0.72892      0.00005
     -0.72775      0.00008
     -0.72658      0.00014
     -0.72541      0.00022
     -0.72425      0.00035
     -0.72308      0.00055
     -0.72191      0.00082
     -0.72074      0.00120
     -0.71958      0.00169
     -0.71841      0.00233
     -0.71724      0.00310
     -0.71607      0.00415
     -0.71491      0.00529
     -0.71374      0.00659
     -0.71257      0.00805
     -0.71140      0.00967
     -0.71024      0.01146
     -0.70907      0.01348
     -0.70790      0.01582
     -0.70673      0.01859
     -0.70556      0.02197
     -0.70440      0.02631
     -0.70323      0.03156
     -0.70206      0.03798
     -0.70089      0.04564
     -0.69973      0.05452
     -0.69856      0.06449
     -0.69739      0.07530
     -0.69622      0.08672
     -0.69506      0.09843
     -0.69389      0.11003
     -0.69272      0.12139
     -0.69155      0.13250
     -0.69039      0.14344
     -0.68922      0.15448
     -0.68805      0.16637
     -0.68688      0.17886
     -0.68571      0.19287
     -0.68455      0.20819
     -0.68338      0.22515
     -0.68221      0.24394
     -0.68104      0.26485
     -0.67988      0.28784
     -0.67871      0.31334
     -0.67754      0.34216
     -0.67637      0.37457
     -0.67521      0.41141
     -0.67404      0.45331
     -0.67287      0.50060
     -0.67170      0.55319
     -0.67054      0.61046
     -0.66937      0.67115
     -0.66820      0.73308
     -0.66703      0.79452
     -0.66587      0.85220
     -0.66470      0.90322
     -0.66353      0.94477
     -0.66236      0.97439
     -0.66119      0.99020
     -0.66003      0.99103
     -0.65886      0.97647
     -0.65769      0.94690
     -0.65652      0.90280
     -0.65536      0.84733
     -0.65419      0.78170
     -0.65302      0.70849
     -0.65185      0.63046
     -0.65069      0.55043
     -0.64952      0.47113
     -0.64835      0.39465
     -0.64718      0.32352
     -0.64602      0.25978
     -0.64485      0.20381
     -0.64368      0.15612
     -0.64251      0.11668
     -0.64134      0.08505
     -0.64018      0.05922
     -0.63901      0.04115
     -0.63784      0.02702
     -0.63667      0.01786
     -0.63551      0.01148
     -0.63434      0.00717
     -0.63317      0.00368
     -0.63200      0.00202
     -0.63084      0.00117
     -0.62967      0.00000
     -0.62850      0.00000
     -0.62733      0.00000
     -0.62617      0.00000
     -0.62500      0.00000
     -0.62383      0.00000
     -0.62266      0.00000
     -0.62149      0.00000
     -0.62033      0.00000
     -0.61916      0.00000
     -0.61799      0.00000
     -0.61682      0.00000
     -0.61566      0.00000
     -0.61449      0.00000
     -0.61332      0.00000
     -0.61215      0.00000
     -0.61099      0.00000
     -0.60982      0.00000
     -0.60865      0.00000
     -0.60748      0.00000
     -0.60632      0.00000
     -0.60515      0.00000
     -0.60398      0.00000
     -0.60281      0.00000
     -0.60164      0.00000
     -0.60048      0.00000
     -0.59931      0.00000
     -0.59814      0.00000
     -0.59697      0.00000
     -0.59581      0.00000
     -0.59464      0.00000
     -0.59347      0.00000
     -0.59230      0.00000
     -0.59114      0.00000
     -0.58997      0.00000
     -0.58880      0.00000
     -0.58763      0.00000
     -0.58647      0.00000
     -0.58530      0.00000
     -0.58413      0.00000
     -0.58296      0.00000
     -0.58179      0.00000
     -0.58063      0.00000
     -0.57946      0.00000
     -0.57829      0.00000
     -0.57712      0.00000
     -0.57596      0.00000
     -0.57479      0.00000
     -0.57362      0.00000
     -0.57245      0.00000
     -0.57129      0.00000
     -0.57012      0.00000
     -0.56895      0.00000
     -0.56778      0.00000
     -0.56662      0.00000
     -0.56545      0.00000
     -0.56428      0.00000
     -0.56311      0.00000
     -0.56195      0.00000
     -0.56078      0.00000
     -0.55961      0.00000
     -0.55844      0.00000
     -0.55727      0.00000
     -0.55611      0.00000
     -0.55494      0.00000
     -0.55377      0.00000
     -0.55260      0.00000
     -0.55144      0.00000
     -0.55027      0.00000
     -0.54910      0.00000
     -0.54793      0.00000
     -0.54677      0.00000
     -0.54560      0.00000
     -0.54443      0.00000
     -0.54326      0.00000
     -0.54210      0.00000
     -0.54093      0.00000
     -0.53976      0.00000
     -0.53859      0.00000
     -0.53742      0.00000
     -0.53626      0.00000
     -0.53509      0.00000
     -0.53392      0.00000
     -0.53275      0.00000
     -0.53159      0.00000
     -0.53042      0.00000
     -0.52925      0.00000
     -0.52808      0.00000
     -0.52692      0.00000
     -0.52575      0.00000
     -0.52458      0.00000
     -0.52341      0.00000
     -0.52225      0.00000
     -0.52108      0.00000
     -0.51991      0.00000
     -0.51874      0.00000
     -0.51757      0.00000
     -0.51641      0.00000
     -0.51524      0.00000
     -0.51407      0.00000
     -0.51290      0.00000
     -0.51174      0.00000
     -0.51057      0.00000
     -0.50940      0.00000
     -0.50823      0.00000
     -0.50707      0.00000
     -0.50590      0.00000
     -0.50473      0.00000
     -0.50356      0.00000
     -0.50240      0.00000
     -0.50123      0.00000
     -0.50006      0.00000
     -0.49889      0.00000
     -0.49772      0.00000
     -0.49656      0.00000
     -0.49539      0.00000
     -0.49422      0.00000
     -0.49305      0.00000
     -0.49189      0.00000
     -0.49072      0.00000
     -0.48955      0.00000
     -0.48838      0.00000
     -0.48722      0.00000
     -0.48605      0.00000
     -0.48488      0.00000
     -0.48371      0.00000
     -0.48255      0.00000
     -0.48138      0.00000
     -0.48021      0.00000
     -0.47904      0.00000
     -0.47788      0.00000
     -0.47671      0.00000
     -0.47554      0.00000
     -0.47437      0.00000
     -0.47320      0.00000
     -0.47204      0.00000
     -0.47087      0.00000
     -0.46970      0.00000
     -0.46853      0.00000
     -0.46737      0.00000
     -0.46620      0.00000
     -0.46503      0.00000
     -0.46386      0.00000
     -0.46270      0.00000
     -0.46153      0.00000
     -0.46036      0.00000
     -0.45919      0.00000
     -0.45803      0.00000
     -0.45686      0.00000
     -0.45569      0.00000
     -0.45452      0.00000
     -0.45335      0.00000
     -0.45219      0.00000
     -0.45102      0.00000
     -0.44985      0.00000
     -0.44868      0.00000
     -0.44752      0.00000
     -0.44635      0.00000
     -0.44518      0.00000
     -0.44401      0.00000
     -0.44285      0.00000
     -0.44168      0.00000
     -0.44051      0.00000
     -0.43934      0.00000
     -0.43818      0.00000
     -0.43701      0.00000
     -0.43584      0.00000
     -0.43467      0.00000
     -0.43350      0.00000
     -0.43234      0.00000
     -0.43117      0.00000
     -0.43000      0.00000
     -0.42883      0.00000
     -0.42767      0.00000
     -0.42650      0.00000
     -0.42533      0.00000
     -0.42416      0.00000
     -0.42300      0.00000
     -0.42183      0.00000
     -0.42066      0.00000
     -0.41949      0.00000
     -0.41833      0.00000
     -0.41716      0.00000
     -0.41599      0.00000
     -0.41482      0.00000
     -0.41365      0.00000
     -0.41249      0.00000
     -0.41132      0.00000
     -0.41015      0.00000
     -0.40898      0.00000
     -0.40782      0.00000
     -0.40665      0.00000
     -0.40548      0.00000
     -0.40431      0.00000
     -0.40315      0.00000
     -0.40198      0.00000
     -0.40081      0.00000
     -0.39964      0.00000
     -0.39848      0.00000
     -0.39731      0.00000
     -0.39614      0.00000
     -0.39497      0.00000
     -0.39381      0.00000
     -0.39264      0.00000
     -0.39147      0.00000
     -0.39030      0.00000
     -0.38913      0.00000
     -0.38797      0.00000
     -0.38680      0.00000
     -0.38563      0.00000
     -0.38446      0.00000
     -0.38330      0.00000
     -0.38213      0.00000
     -0.38096      0.00000
     -0.37979      0.00000
     -0.37863      0.00000
     -0.37746      0.00000
     -0.37629      0.00000
     -0.37512      0.00000
     -0.37396      0.00000
     -0.37279      0.00000
     -0.37162      0.00000
     -0.37045      0.00000
     -0.36928      0.00000
     -0.36812      0.00000
     -0.36695      0.00000
     -0.36578      0.00000
     -0.36461      0.00000
     -0.36345      0.00000
     -0.36228      0.00000
     -0.36111      0.00000
     -0.35994      0.00000
     -0.35878      0.00000
     -0.35761      0.00000
     -0.35644      0.00000
     -0.35527      0.00000
     -0.35411      0.00000
     -0.35294      0.00000
     -0.35177      0.00000
     -0.35060      0.00000
     -0.34943      0.00000
     -0.34827      0.00000
     -0.34710      0.00000
     -0.34593      0.00000
     -0.34476      0.00000
     -0.34360      0.00000
     -0.34243      0.00000
     -0.34126      0.00000
     -0.34009      0.00000
     -0.33893      0.00000
     -0.33776      0.00000
     -0.33659      0.00000
     -0.33542      0.00000
     -0.33426      0.00000
     -0.33309      0.00000
     -0.33192      0.00000
     -0.33075      0.00000
     -0.32958      0.00000
     -0.32842      0.00000
     -0.32725      0.00000
     -0.32608      0.00000
     -0.32491      0.00000
     -0.32375      0.00000
     -0.32258      0.00000
     -0.32141      0.00000
     -0.32024      0.00000
     -0.31908      0.00000
     -0.31791      0.00000
     -0.31674      0.00000
     -0.31557      0.00000
     -0.31441      0.00000
     -0.31324      0.00000
     -0.31207      0.00000
     -0.31090      0.00000
     -0.30973      0.00000
     -0.30857      0.00000
     -0.30740      0.00000
     -0.30623      0.00000
     -0.30506      0.00000
     -0.30390      0.00000
     -0.30273      0.00000
     -0.30156      0.00000
     -0.30039      0.00000
     -0.29923      0.00000
     -0.29806      0.00000
     -0.29689      0.00000
     -0.29572      0.00000
     -0.29456      0.00000
     -0.29339      0.00000
     -0.29222      0.00000
     -0.29105      0.00000
     -0.28989      0.00000
     -0.28872      0.00000
     -0.28755      0.00000
     -0.28638      0.00000
     -0.28521      0.00000
     -0.28405      0.00000
     -0.28288      0.00000
     -0.28171      0.00000
     -0.28054      0.00000
     -0.27938      0.00000
     -0.27821      0.00000
     -0.27704      0.00007
     -0.27587      0.00014
     -0.27471      0.00025
     -0.27354      0.00045
     -0.27237      0.00077
     -0.27120      0.00128
     -0.27004      0.00206
     -0.26887      0.00323
     -0.26770      0.00491
     -0.26653      0.00737
     -0.26536      0.01062
     -0.26420      0.01489
     -0.26303      0.02029
     -0.26186      0.02692
     -0.26069      0.03478
     -0.25953      0.04381
     -0.25836      0.05506
     -0.25719      0.06687
     -0.25602      0.07988
     -0.25486      0.09442
     -0.25369      0.11054
     -0.25252      0.12941
     -0.25135      0.15143
     -0.25019      0.17817
     -0.24902      0.21127
     -0.24785      0.25256
     -0.24668      0.30384
     -0.24551      0.36782
     -0.24435      0.44418
     -0.24318      0.53396
     -0.24201      0.63663
     -0.24084      0.75079
     -0.23968      0.87342
     -0.23851      1.00103
     -0.23734      1.12944
     -0.23617      1.25435
     -0.23501      1.37183
     -0.23384      1.47880
     -0.23267      1.57340
     -0.23150      1.65493
     -0.23034      1.72383
     -0.22917      1.78084
     -0.22800      1.82790
     -0.22683      1.86514
     -0.22566      1.89226
     -0.22450      1.90778
     -0.22333      1.90913
     -0.22216      1.89308
     -0.22099      1.85640
     -0.21983      1.79660
     -0.21866      1.71212
     -0.21749      1.60486
     -0.21632      1.47681
     -0.21516      1.33253
     -0.21399      1.17788
     -0.21282      1.01930
     -0.21165      0.86317
     -0.21049      0.71288
     -0.20932      0.57840
     -0.20815      0.45985
     -0.20698      0.35706
     -0.20582      0.27325
     -0.20465      0.20537
     -0.20348      0.15574
     -0.20231      0.12064
     -0.20114      0.09953
     -0.19998      0.09191
     -0.19881      0.09790
     -0.19764      0.11338
     -0.19647      0.15101
     -0.19531      0.20447
     -0.19414      0.27535
     -0.19297      0.36298
     -0.19180      0.47085
     -0.19064      0.59462
     -0.18947      0.73074
     -0.18830      0.87374
     -0.18713      1.01647
     -0.18597      1.15060
     -0.18480      1.26732
     -0.18363      1.35861
     -0.18246      1.41765
     -0.18129      1.44002
     -0.18013      1.42534
     -0.17896      1.37372
     -0.17779      1.29032
     -0.17662      1.18209
     -0.17546      1.05761
     -0.17429      0.92625
     -0.17312      0.79730
     -0.17195      0.67930
     -0.17079      0.57949
     -0.16962      0.50353
     -0.16845      0.45554
     -0.16728      0.43730
     -0.16612      0.44905
     -0.16495      0.48921
     -0.16378      0.55465
     -0.16261      0.63987
     -0.16144      0.73869
     -0.16028      0.83896
     -0.15911      0.94350
     -0.15794      1.03746
     -0.15677      1.11487
     -0.15561      1.16981
     -0.15444      1.20468
     -0.15327      1.21795
     -0.15210      1.21264
     -0.15094      1.19431
     -0.14977      1.16961
     -0.14860      1.14458
     -0.14743      1.12475
     -0.14627      1.11394
     -0.14510      1.11404
     -0.14393      1.12476
     -0.14276      1.14429
     -0.14159      1.16965
     -0.14043      1.19736
     -0.13926      1.22406
     -0.13809      1.24691
     -0.13692      1.26382
     -0.13576      1.27370
     -0.13459      1.27567
     -0.13342      1.26957
     -0.13225      1.25127
     -0.13109      1.23055
     -0.12992      1.20052
     -0.12875      1.16122
     -0.12758      1.11269
     -0.12642      1.05526
     -0.12525      0.98979
     -0.12408      0.91779
     -0.12291      0.84143
     -0.12174      0.76344
     -0.12058      0.68526
     -0.11941      0.61288
     -0.11824      0.54701
     -0.11707      0.48883
     -0.11591      0.43804
     -0.11474      0.39685
     -0.11357      0.36144
     -0.11240      0.33309
     -0.11124      0.30745
     -0.11007      0.28484
     -0.10890      0.26276
     -0.10773      0.24049
     -0.10657      0.21784
     -0.10540      0.19337
     -0.10423      0.17161
     -0.10306      0.15017
     -0.10190      0.12997
     -0.10073      0.11303
     -0.09956      0.09814
     -0.09839      0.08538
     -0.09722      0.07444
     -0.09606      0.06539
     -0.09489      0.05757
     -0.09372      0.05064
     -0.09255      0.04430
     -0.09139      0.03839
     -0.09022      0.03279
     -0.08905      0.02755
     -0.08788      0.02174
     -0.08672      0.01774
     -0.08555      0.01408
     -0.08438      0.01087
     -0.08321      0.00816
     -0.08205      0.00597
     -0.08088      0.00424
     -0.07971      0.00293
     -0.07854      0.00197
     -0.07737      0.00129
     -0.07621      0.00082
     -0.07504      0.00051
     -0.07387      0.00017
     -0.07270      0.00010
     -0.07154      0.00006
     -0.07037      0.00000
     -0.06920      0.00000
     -0.06803      0.00000
     -0.06687      0.00000
     -0.06570      0.00000
     -0.06453      0.00000
     -0.06336      0.00000
     -0.06220      0.00000
     -0.06103      0.00000
     -0.05986      0.00000
     -0.05869      0.00000
     -0.05752      0.00000
     -0.05636      0.00000
     -0.05519      0.00000
     -0.05402      0.00000
     -0.05285      0.00000
     -0.05169      0.00000
     -0.05052      0.00000
     -0.04935      0.00000
     -0.04818      0.00000
     -0.04702      0.00000
     -0.04585      0.00000
     -0.04468      0.00000
     -0.04351      0.00000
     -0.04235      0.00000
     -0.04118      0.00000
     -0.04001      0.00000
     -0.03884      0.00000
     -0.03767      0.00000
     -0.03651      0.00000
     -0.03534      0.00000
     -0.03417      0.00000
     -0.03300      0.00000
     -0.03184      0.00000
     -0.03067      0.00000
     -0.02950      0.00000
     -0.02833      0.00000
     -0.02717      0.00000
     -0.02600      0.00000
     -0.02483      0.00000
     -0.02366      0.00000
     -0.02250      0.00000
     -0.02133      0.00000
     -0.02016      0.00000
     -0.01899      0.00000
     -0.01783      0.00000
     -0.01666      0.00000
     -0.01549      0.00000
     -0.01432      0.00000
     -0.01315      0.00000
     -0.01199      0.00000
     -0.01082      0.00000
     -0.00965      0.00000
     -0.00848      0.00000
     -0.00732      0.00000
     -0.00615      0.00000
     -0.00498      0.00000
     -0.00381      0.00000
     -0.00265      0.00000
     -0.00148      0.00000
     -0.00031      0.00000
      0.00086      0.00000
      0.00202      0.00000
      0.00319      0.00000
      0.00436      0.00000
      0.00553      0.00000
      0.00670      0.00000
      0.00786      0.00000
      0.00903      0.00000
      0.01020      0.00000
      0.01137      0.00000
      0.01253      0.00000
      0.01370      0.00000
      0.01487      0.00000
      0.01604      0.00000
      0.01720      0.00000
      0.01837      0.00000
      0.01954      0.00000
      0.02071      0.00000
      0.02187      0.00000
      0.02304      0.00000
      0.02421      0.00000
      0.02538      0.00000
      0.02655      0.00000
      0.02771      0.00000
      0.02888      0.00000
      0.03005      0.00000
      0.03122      0.00000
      0.03238      0.00000
      0.03355      0.00000
      0.03472      0.00000
      0.03589      0.00000
      0.03705      0.00000
      0.03822      0.00000
      0.03939      0.00000
      0.04056      0.00000
      0.04172      0.00000
      0.04289      0.00000
      0.04406      0.00000
      0.04523      0.00000
      0.04640      0.00000
      0.04756      0.00000
      0.04873      0.00000
      0.04990      0.00000
      0.05107      0.00000
      0.05223      0.00000
      0.05340      0.00000
      0.05457      0.00000
      0.05574      0.00000
      0.05690      0.00000
      0.05807      0.00000
      0.05924      0.00000
      0.06041      0.00000
      0.06157      0.00000
      0.06274      0.00000
      0.06391      0.00000
      0.06508      0.00000
      0.06625      0.00000
      0.06741      0.00000
      0.06858      0.00000
      0.06975      0.00000
      0.07092      0.00000
      0.07208      0.00000
      0.07325      0.00000
      0.07442      0.00000
      0.07559      0.00000
      0.07675      0.00000
      0.07792      0.00000
      0.07909      0.00000
      0.08026      0.00000
      0.08142      0.00000
      0.08259      0.00000
      0.08376      0.00000
      0.08493      0.00000
      0.08609      0.00000
      0.08726      0.00000
      0.08843      0.00000
      0.08960      0.00000
      0.09077      0.00000
      0.09193      0.00000
      0.09310      0.00000
      0.09427      0.00000
      0.09544      0.00000
      0.09660      0.00000
      0.09777      0.00000
      0.09894      0.00000
      0.10011      0.00009
      0.10127      0.00016
      0.10244      0.00028
      0.10361      0.00049
      0.10478      0.00083
      0.10594      0.00136
      0.10711      0.00216
      0.10828      0.00333
      0.10945      0.00499
      0.11062      0.00724
      0.11178      0.01022
      0.11295      0.01400
      0.11412      0.01862
      0.11529      0.02404
      0.11645      0.03013
      0.11762      0.03668
      0.11879      0.04334
      0.11996      0.04972
      0.12112      0.05539
      0.12229      0.05990
      0.12346      0.06290
      0.12463      0.06413
      0.12579      0.06348
      0.12696      0.06100
      0.12813      0.05692
      0.12930      0.05156
      0.13047      0.04535
      0.13163      0.03873
      0.13280      0.03211
      0.13397      0.02585
      0.13514      0.02020
      0.13630      0.01533
      0.13747      0.01129
      0.13864      0.00808
      0.13981      0.00561
      0.14097      0.00378
      0.14214      0.00248
      0.14331      0.00157
      0.14448      0.00097
      0.14564      0.00058
      0.14681      0.00034
      0.14798      0.00000
      0.14915      0.00000
      0.15032      0.00000
      0.15148      0.00000
      0.15265      0.00000
      0.15382      0.00000
      0.15499      0.00000
      0.15615      0.00000
      0.15732      0.00000
      0.15849      0.00075
      0.15966      0.00137
      0.16082      0.00245
      0.16199      0.00423
      0.16316      0.00709
      0.16433      0.01155
      0.16549      0.01827
      0.16666      0.02805
      0.16783      0.04182
      0.16900      0.06054
      0.17016      0.08508
      0.17133      0.11608
      0.17250      0.15378
      0.17367      0.19779
      0.17484      0.24700
      0.17600      0.29947
      0.17717      0.35253
      0.17834      0.40290
      0.17951      0.44707
      0.18067      0.48165
      0.18184      0.50381
      0.18301      0.51165
      0.18418      0.50449
      0.18534      0.48295
      0.18651      0.44888
      0.18768      0.40508
      0.18885      0.35491
      0.19001      0.30190
      0.19118      0.24934
      0.19235      0.19994
      0.19352      0.15744
      0.19469      0.12094
      0.19585      0.09221
      0.19702      0.07169
      0.19819      0.05967
      0.19936      0.05653
      0.20052      0.06297
      0.20169      0.08094
      0.20286      0.11096
      0.20403      0.15548
      0.20519      0.21661
      0.20636      0.29479
      0.20753      0.39465
      0.20870      0.51391
      0.20986      0.65118
      0.21103      0.80329
      0.21220      0.96531
      0.21337      1.13078
      0.21454      1.29228
      0.21570      1.44207
      0.21687      1.57292
      0.21804      1.67869
      0.21921      1.75490
      0.22037      1.79891
      0.22154      1.80996
      0.22271      1.78887
      0.22388      1.73778
      0.22504      1.65975
      0.22621      1.55856
      0.22738      1.43844
      0.22855      1.30405
      0.22971      1.16029
      0.23088      1.01225
      0.23205      0.86554
      0.23322      0.72422
      0.23439      0.59284
      0.23555      0.47485
      0.23672      0.37276
      0.23789      0.28803
      0.23906      0.22123
      0.24022      0.17218
      0.24139      0.13639
      0.24256      0.12220
      0.24373      0.12222
      0.24489      0.13555
      0.24606      0.16106
      0.24723      0.19728
      0.24840      0.24232
      0.24956      0.29566
      0.25073      0.35680
      0.25190      0.42031
      0.25307      0.48458
      0.25424      0.54879
      0.25540      0.61357
      0.25657      0.68150
      0.25774      0.75746
      0.25891      0.84855
      0.26007      0.96797
      0.26124      1.11987
      0.26241      1.31596
      0.26358      1.56331
      0.26474      1.86503
      0.26591      2.21895
      0.26708      2.61702
      0.26825      3.04562
      0.26941      3.48699
      0.27058      3.92061
      0.27175      4.32662
      0.27292      4.68774
      0.27408      4.99125
      0.27525      5.22988
      0.27642      5.40147
      0.27759      5.50775
      0.27876      5.55234
      0.27992      5.53694
      0.28109      5.46864
      0.28226      5.34462
      0.28343      5.16412
      0.28459      4.92637
      0.28576      4.63229
      0.28693      4.28603
      0.28810      3.89579
      0.28926      3.47377
      0.29043      3.03516
      0.29160      2.59651
      0.29277      2.17385
      0.29393      1.78091
      0.29510      1.42793
      0.29627      1.12104
      0.29744      0.85152
      0.29861      0.64459
      0.29977      0.47851
      0.30094      0.34875
      0.30211      0.24981
      0.30328      0.17600
      0.30444      0.12502
      0.30561      0.08889
      0.30678      0.06616
      0.30795      0.04308
      0.30911      0.04857
      0.31028      0.06384
      0.31145      0.09216
      0.31262      0.13778
      0.31378      0.20600
      0.31495      0.30281
      0.31612      0.43442
      0.31729      0.60577
      0.31846      0.82349
      0.31962      1.08584
      0.32079      1.39049
      0.32196      1.72951
      0.32313      2.08977
      0.32429      2.45355
      0.32546      2.79998
      0.32663      3.10728
      0.32780      3.35542
      0.32896      3.52887
      0.33013      3.61883
      0.33130      3.62447
      0.33247      3.55292
      0.33363      3.41790
      0.33480      3.23742
      0.33597      3.03077
      0.33714      2.81558
      0.33831      2.60551
      0.33947      2.40886
      0.34064      2.22843
      0.34181      2.06237
      0.34298      1.90585
      0.34414      1.75297
      0.34531      1.59858
      0.34648      1.43955
      0.34765      1.27540
      0.34881      1.10819
      0.34998      0.94194
      0.35115      0.78163
      0.35232      0.61704
      0.35348      0.48947
      0.35465      0.37697
      0.35582      0.28188
      0.35699      0.20520
      0.35815      0.14528
      0.35932      0.10059
      0.36049      0.06888
      0.36166      0.04792
      0.36283      0.03623
      0.36399      0.03185
      0.36516      0.03425
      0.36633      0.03778
      0.36750      0.05668
      0.36866      0.08207
      0.36983      0.12027
      0.37100      0.16725
      0.37217      0.22755
      0.37333      0.30340
      0.37450      0.39722
      0.37567      0.51175
      0.37684      0.65021
      0.37800      0.81648
      0.37917      1.01507
      0.38034      1.25095
      0.38151      1.52898
      0.38268      1.85292
      0.38384      2.22409
      0.38501      2.63981
      0.38618      3.09196
      0.38735      3.56597
      0.38851      4.04120
      0.38968      4.49486
      0.39085      4.89199
      0.39202      5.20601
      0.39318      5.41227
      0.39435      5.49432
      0.39552      5.44712
      0.39669      5.27864
      0.39785      5.00977
      0.39902      4.67225
      0.40019      4.30495
      0.40136      3.94906
      0.40253      3.64427
      0.40369      3.41981
      0.40486      3.29406
      0.40603      3.27818
      0.40720      3.36128
      0.40836      3.52340
      0.40953      3.74014
      0.41070      3.96981
      0.41187      4.18307
      0.41303      4.34880
      0.41420      4.44637
      0.41537      4.46431
      0.41654      4.41302
      0.41770      4.29076
      0.41887      4.16231
      0.42004      4.03416
      0.42121      3.94272
      0.42238      3.92576
      0.42354      4.00713
      0.42471      4.20409
      0.42588      4.52530
      0.42705      4.96558
      0.42821      5.51004
      0.42938      6.13494
      0.43055      6.81076
      0.43172      7.50559
      0.43288      8.18842
      0.43405      8.83199
      0.43522      9.41461
      0.43639      9.93151
      0.43755     10.34974
      0.43872     10.69947
      0.43989     10.96024
      0.44106     11.13393
      0.44223     11.22286
      0.44339     11.23048
      0.44456     11.16291
      0.44573     11.03091
      0.44690     10.85154
      0.44806     10.64846
      0.44923     10.45044
      0.45040     10.28511
      0.45157     10.18585
      0.45273     10.16562
      0.45390     10.22889
      0.45507     10.35967
      0.45624     10.52687
      0.45740     10.65765
      0.45857     10.76454
      0.45974     10.75130
      0.46091     10.57727
      0.46207     10.21820
      0.46324      9.67097
      0.46441      8.95445
      0.46558      8.09368
      0.46675      7.17161
      0.46791      6.22369
      0.46908      5.30520
      0.47025      4.45270
      0.47142      3.71356
      0.47258      3.11013
      0.47375      2.62673
      0.47492      2.26004
      0.47609      1.99031
      0.47725      1.79677
      0.47842      1.65923
      0.47959      1.56145
      0.48076      1.49313
      0.48192      1.45066
      0.48309      1.43648
      0.48426      1.42776
      0.48543      1.50615
      0.48660      1.63092
      0.48776      1.80910
      0.48893      2.04112
      0.49010      2.31975
      0.49127      2.62993
      0.49243      2.95389
      0.49360      3.26066
      0.49477      3.52548
      0.49594      3.72429
      0.49710      3.83853
      0.49827      3.85916
      0.49944      3.78771
      0.50061      3.63657
      0.50177      3.42316
      0.50294      3.18695
      0.50411      2.95211
      0.50528      2.74926
      0.50645      2.60375
      0.50761      2.53259
      0.50878      2.54236
      0.50995      2.62862
      0.51112      2.77661
      0.51228      2.96330
      0.51345      3.16041
      0.51462      3.33808
      0.51579      3.46864
      0.51695      3.52995
      0.51812      3.51020
      0.51929      3.40220
      0.52046      3.19801
      0.52162      2.94906
      0.52279      2.66208
      0.52396      2.34889
      0.52513      2.04602
      0.52630      1.78384
      0.52746      1.59240
      0.52863      1.50129
      0.52980      1.53964
      0.53097      1.73631
      0.53213      2.11927
      0.53330      2.71410
      0.53447      3.54105
      0.53564      4.61091
      0.53680      5.93028
      0.53797      7.46469
      0.53914      9.17544
      0.54031     10.98566
      0.54147     12.83305
      0.54264     14.59905
      0.54381     16.18303
      0.54498     17.48454
      0.54614     18.43299
      0.54731     18.98215
      0.54848     19.13181
      0.54965     18.92322
      0.55082     18.42781
      0.55198     17.74639
      0.55315     16.98874
      0.55432     16.25932
      0.55549     15.64350
      0.55665     15.19786
      0.55782     14.94586
      0.55899     14.87914
      0.56016     14.96322
      0.56132     15.14607
      0.56249     15.36734
      0.56366     15.56668
      0.56483     15.69003
      0.56599     15.68052
