#     PDOS  element o  (Mulliken)
#     E - Ef       total           s           p           d
# Ef =         0.3840051700
     -0.83401      0.00000      0.00000      0.00000      0.00000
     -0.83284      0.00000      0.00000      0.00000      0.00000
     -0.83167      0.00000      0.00000      0.00000      0.00000
     -0.83050      0.00000      0.00000      0.00000      0.00000
     -0.82933      0.00000      0.00000      0.00000      0.00000
     -0.82817      0.00000      0.00000      0.00000      0.00000
     -0.82700      0.00000      0.00000      0.00000      0.00000
     -0.82583      0.00000      0.00000      0.00000      0.00000
     -0.82466      0.00000      0.00000      0.00000      0.00000
     -0.82350      0.00000      0.00000      0.00000      0.00000
     -0.82233      0.00000      0.00000      0.00000      0.00000
     -0.82116      0.00000      0.00000      0.00000      0.00000
     -0.81999      0.00000      0.00000      0.00000      0.00000
     -0.81883      0.00000      0.00000      0.00000      0.00000
     -0.81766      0.00000      0.00000      0.00000      0.00000
     -0.81649      0.00000      0.00000      0.00000      0.00000
     -0.81532      0.00000      0.00000      0.00000      0.00000
     -0.81416      0.00000      0.00000      0.00000      0.00000
     -0.81299      0.00000      0.00000      0.00000      0.00000
     -0.81182      0.00000      0.00000      0.00000      0.00000
     -0.81065      0.00000      0.00000      0.00000      0.00000
     -0.80948      0.00000      0.00000      0.00000      0.00000
     -0.80832      0.00000      0.00000      0.00000      0.00000
     -0.80715      0.00000      0.00000      0.00000      0.00000
     -0.80598      0.00000      0.00000      0.00000      0.00000
     -0.80481      0.00000      0.00000      0.00000      0.00000
     -0.80365      0.00000      0.00000      0.00000      0.00000
     -0.80248      0.00000      0.00000      0.00000      0.00000
     -0.80131      0.00000      0.00000      0.00000      0.00000
     -0.80014      0.00000      0.00000      0.00000      0.00000
     -0.79898      0.00000      0.00000      0.00000      0.00000
     -0.79781      0.00000      0.00000      0.00000      0.00000
     -0.79664      0.00000      0.00000      0.00000      0.00000
     -0.79547      0.00000      0.00000      0.00000      0.00000
     -0.79431      0.00000      0.00000      0.00000      0.00000
     -0.79314      0.00000      0.00000      0.00000      0.00000
     -0.79197      0.00000      0.00000      0.00000      0.00000
     -0.79080      0.00000      0.00000      0.00000      0.00000
     -0.78963      0.00000      0.00000      0.00000      0.00000
     -0.78847      0.00000      0.00000      0.00000      0.00000
     -0.78730      0.00000      0.00000      0.00000      0.00000
     -0.78613      0.00000      0.00000      0.00000      0.00000
     -0.78496      0.00000      0.00000      0.00000      0.00000
     -0.78380      0.00000      0.00000      0.00000      0.00000
     -0.78263      0.00000      0.00000      0.00000      0.00000
     -0.78146      0.00000      0.00000      0.00000      0.00000
     -0.78029      0.00000      0.00000      0.00000      0.00000
     -0.77913      0.00000      0.00000      0.00000      0.00000
     -0.77796      0.00000      0.00000      0.00000      0.00000
     -0.77679      0.00000      0.00000      0.00000      0.00000
     -0.77562      0.00000      0.00000      0.00000      0.00000
     -0.77446      0.00000      0.00000      0.00000      0.00000
     -0.77329      0.00000      0.00000      0.00000      0.00000
     -0.77212      0.00000      0.00000      0.00000      0.00000
     -0.77095      0.00000      0.00000      0.00000      0.00000
     -0.76978      0.00000      0.00000      0.00000      0.00000
     -0.76862      0.00000      0.00000      0.00000      0.00000
     -0.76745      0.00000      0.00000      0.00000      0.00000
     -0.76628      0.00000      0.00000      0.00000      0.00000
     -0.76511      0.00000      0.00000      0.00000      0.00000
     -0.76395      0.00000      0.00000      0.00000      0.00000
     -0.76278      0.00000      0.00000      0.00000      0.00000
     -0.76161      0.00000      0.00000      0.00000      0.00000
     -0.76044      0.00000      0.00000      0.00000      0.00000
     -0.75928      0.00000      0.00000      0.00000      0.00000
     -0.75811      0.00000      0.00000      0.00000      0.00000
     -0.75694      0.00000      0.00000      0.00000      0.00000
     -0.75577      0.00000      0.00000      0.00000      0.00000
     -0.75461      0.00000      0.00000      0.00000      0.00000
     -0.75344      0.00000      0.00000      0.00000      0.00000
     -0.75227      0.00000      0.00000      0.00000      0.00000
     -0.75110      0.00000      0.00000      0.00000      0.00000
     -0.74994      0.00000      0.00000      0.00000      0.00000
     -0.74877      0.00000      0.00000      0.00000      0.00000
     -0.74760      0.00000      0.00000      0.00000      0.00000
     -0.74643      0.00000      0.00000      0.00000      0.00000
     -0.74526      0.00000      0.00000      0.00000      0.00000
     -0.74410      0.00000      0.00000      0.00000      0.00000
     -0.74293      0.00000      0.00000      0.00000      0.00000
     -0.74176      0.00000      0.00000      0.00000      0.00000
     -0.74059      0.00000      0.00000      0.00000      0.00000
     -0.73943      0.00000      0.00000      0.00000      0.00000
     -0.73826      0.00070      0.00070      0.00000     -0.00000
     -0.73709      0.00132      0.00132      0.00000     -0.00000
     -0.73592      0.00240      0.00240      0.00000     -0.00000
     -0.73476      0.00423      0.00423      0.00000     -0.00000
     -0.73359      0.00725      0.00725      0.00000     -0.00000
     -0.73242      0.01206      0.01206      0.00000     -0.00000
     -0.73125      0.02734      0.02733      0.00001      0.00000
     -0.73009      0.04504      0.04503      0.00002      0.00000
     -0.72892      0.07247      0.07244      0.00004      0.00000
     -0.72775      0.11390      0.11383      0.00006      0.00000
     -0.72658      0.17488      0.17478      0.00010      0.00000
     -0.72541      0.26241      0.26224      0.00017      0.00000
     -0.72425      0.38480      0.38453      0.00027      0.00000
     -0.72308      0.55146      0.55104      0.00042      0.00000
     -0.72191      0.77230      0.77168      0.00062      0.00000
     -0.72074      1.05680      1.05588      0.00091      0.00000
     -0.71958      1.41260      1.41131      0.00129      0.00000
     -0.71841      1.84393      1.84216      0.00176      0.00001
     -0.71724      2.34972      2.34736      0.00235      0.00001
     -0.71607      2.94836      2.94522      0.00313      0.00001
     -0.71491      3.59288      3.58888      0.00398      0.00002
     -0.71374      4.27865      4.27369      0.00494      0.00002
     -0.71257      4.98250      4.97647      0.00600      0.00003
     -0.71140      5.67971      5.67252      0.00715      0.00003
     -0.71024      6.34845      6.34001      0.00840      0.00004
     -0.70907      6.97466      6.96486      0.00975      0.00005
     -0.70790      7.55661      7.54528      0.01127      0.00006
     -0.70673      8.10789      8.09480      0.01301      0.00008
     -0.70556      8.65773      8.64255      0.01508      0.00011
     -0.70440      9.26947      9.25169      0.01764      0.00014
     -0.70323      9.96589      9.94498      0.02074      0.00018
     -0.70206     10.80735     10.78265      0.02448      0.00022
     -0.70089     11.83084     11.80165      0.02892      0.00028
     -0.69973     13.05186     13.01750      0.03401      0.00035
     -0.69856     14.45807     14.41800      0.03965      0.00042
     -0.69739     16.00789     15.96174      0.04563      0.00051
     -0.69622     17.64065     17.58833      0.05172      0.00060
     -0.69506     19.28859     19.23023      0.05765      0.00070
     -0.69389     20.84758     20.78368      0.06309      0.00081
     -0.69272     22.26311     22.19433      0.06785      0.00093
     -0.69155     23.49598     23.42312      0.07181      0.00105
     -0.69039     24.53739     24.46126      0.07494      0.00119
     -0.68922     25.42321     25.34452      0.07734      0.00134
     -0.68805     26.25406     26.17327      0.07927      0.00152
     -0.68688     27.04269     26.96010      0.08087      0.00172
     -0.68571     27.92614     27.84176      0.08244      0.00195
     -0.68455     28.94979     28.86340      0.08419      0.00220
     -0.68338     30.17589     30.08713      0.08626      0.00249
     -0.68221     31.70189     31.61025      0.08882      0.00282
     -0.68104     33.55591     33.46087      0.09185      0.00318
     -0.67988     35.75965     35.66073      0.09533      0.00358
     -0.67871     38.33015     38.22693      0.09919      0.00404
     -0.67754     41.36439     41.25649      0.10335      0.00455
     -0.67637     44.82889     44.71605      0.10772      0.00512
     -0.67521     48.79453     48.67656      0.11219      0.00578
     -0.67404     53.29464     53.17147      0.11665      0.00652
     -0.67287     58.34581     58.21751      0.12095      0.00735
     -0.67170     63.93862     63.80542      0.12492      0.00828
     -0.67054     70.03035     69.89272      0.12834      0.00929
     -0.66937     76.54099     76.39960      0.13102      0.01037
     -0.66820     83.29819     83.15414      0.13256      0.01149
     -0.66703     90.28258     90.13676      0.13319      0.01262
     -0.66587     97.22066     97.07445      0.13249      0.01373
     -0.66470    103.90793    103.76279      0.13039      0.01475
     -0.66353    110.11827    109.97572      0.12689      0.01566
     -0.66236    115.60973    115.47127      0.12207      0.01639
     -0.66119    120.13093    119.99796      0.11606      0.01691
     -0.66003    123.42972    123.30347      0.10906      0.01718
     -0.65886    125.26579    125.14732      0.10128      0.01719
     -0.65769    125.42850    125.31863      0.09295      0.01692
     -0.65652    123.69011    123.58964      0.08410      0.01638
     -0.65536    120.13753    120.04653      0.07542      0.01559
     -0.65419    114.67429    114.59294      0.06678      0.01457
     -0.65302    107.43592    107.36423      0.05834      0.01336
     -0.65185     98.67217     98.60989      0.05026      0.01202
     -0.65069     88.73499     88.68175      0.04265      0.01059
     -0.64952     78.05161     78.00686      0.03561      0.00914
     -0.64835     67.05786     67.02097      0.02919      0.00771
     -0.64718     56.20549     56.17581      0.02332      0.00636
     -0.64602     46.03547     46.01187      0.01847      0.00513
     -0.64485     36.75381     36.73546      0.01431      0.00404
     -0.64368     28.58801     28.57407      0.01084      0.00310
     -0.64251     21.65423     21.64389      0.00802      0.00232
     -0.64134     15.96656     15.95907      0.00579      0.00169
     -0.64018     11.32666     11.32159      0.00388      0.00119
     -0.63901      7.92558      7.92206      0.00269      0.00082
     -0.63784      5.32928      5.32695      0.00179      0.00054
     -0.63667      3.53063      3.52910      0.00118      0.00036
     -0.63551      2.27265      2.27167      0.00075      0.00023
     -0.63434      1.42134      1.42073      0.00047      0.00014
     -0.63317      0.79164      0.79132      0.00024      0.00008
     -0.63200      0.39117      0.39103      0.00010      0.00004
     -0.63084      0.21547      0.21539      0.00006      0.00002
     -0.62967      0.00000      0.00000      0.00000      0.00000
     -0.62850      0.00000      0.00000      0.00000      0.00000
     -0.62733      0.00000      0.00000      0.00000      0.00000
     -0.62617      0.00000      0.00000      0.00000      0.00000
     -0.62500      0.00000      0.00000      0.00000      0.00000
     -0.62383      0.00000      0.00000      0.00000      0.00000
     -0.62266      0.00000      0.00000      0.00000      0.00000
     -0.62149      0.00000      0.00000      0.00000      0.00000
     -0.62033      0.00000      0.00000      0.00000      0.00000
     -0.61916      0.00000      0.00000      0.00000      0.00000
     -0.61799      0.00000      0.00000      0.00000      0.00000
     -0.61682      0.00000      0.00000      0.00000      0.00000
     -0.61566      0.00000      0.00000      0.00000      0.00000
     -0.61449      0.00000      0.00000      0.00000      0.00000
     -0.61332      0.00000      0.00000      0.00000      0.00000
     -0.61215      0.00000      0.00000      0.00000      0.00000
     -0.61099      0.00000      0.00000      0.00000      0.00000
     -0.60982      0.00000      0.00000      0.00000      0.00000
     -0.60865      0.00000      0.00000      0.00000      0.00000
     -0.60748      0.00000      0.00000      0.00000      0.00000
     -0.60632      0.00000      0.00000      0.00000      0.00000
     -0.60515      0.00000      0.00000      0.00000      0.00000
     -0.60398      0.00000      0.00000      0.00000      0.00000
     -0.60281      0.00000      0.00000      0.00000      0.00000
     -0.60164      0.00000      0.00000      0.00000      0.00000
     -0.60048      0.00000      0.00000      0.00000      0.00000
     -0.59931      0.00000      0.00000      0.00000      0.00000
     -0.59814      0.00000      0.00000      0.00000      0.00000
     -0.59697      0.00000      0.00000      0.00000      0.00000
     -0.59581      0.00000      0.00000      0.00000      0.00000
     -0.59464      0.00000      0.00000      0.00000      0.00000
     -0.59347      0.00000      0.00000      0.00000      0.00000
     -0.59230      0.00000      0.00000      0.00000      0.00000
     -0.59114      0.00000      0.00000      0.00000      0.00000
     -0.58997      0.00000      0.00000      0.00000      0.00000
     -0.58880      0.00000      0.00000      0.00000      0.00000
     -0.58763      0.00000      0.00000      0.00000      0.00000
     -0.58647      0.00000      0.00000      0.00000      0.00000
     -0.58530      0.00000      0.00000      0.00000      0.00000
     -0.58413      0.00000      0.00000      0.00000      0.00000
     -0.58296      0.00000      0.00000      0.00000      0.00000
     -0.58179      0.00000      0.00000      0.00000      0.00000
     -0.58063      0.00000      0.00000      0.00000      0.00000
     -0.57946      0.00000      0.00000      0.00000      0.00000
     -0.57829      0.00000      0.00000      0.00000      0.00000
     -0.57712      0.00000      0.00000      0.00000      0.00000
     -0.57596      0.00000      0.00000      0.00000      0.00000
     -0.57479      0.00000      0.00000      0.00000      0.00000
     -0.57362      0.00000      0.00000      0.00000      0.00000
     -0.57245      0.00000      0.00000      0.00000      0.00000
     -0.57129      0.00000      0.00000      0.00000      0.00000
     -0.57012      0.00000      0.00000      0.00000      0.00000
     -0.56895      0.00000      0.00000      0.00000      0.00000
     -0.56778      0.00000      0.00000      0.00000      0.00000
     -0.56662      0.00000      0.00000      0.00000      0.00000
     -0.56545      0.00000      0.00000      0.00000      0.00000
     -0.56428      0.00000      0.00000      0.00000      0.00000
     -0.56311      0.00000      0.00000      0.00000      0.00000
     -0.56195      0.00000      0.00000      0.00000      0.00000
     -0.56078      0.00000      0.00000      0.00000      0.00000
     -0.55961      0.00000      0.00000      0.00000      0.00000
     -0.55844      0.00000      0.00000      0.00000      0.00000
     -0.55727      0.00000      0.00000      0.00000      0.00000
     -0.55611      0.00000      0.00000      0.00000      0.00000
     -0.55494      0.00000      0.00000      0.00000      0.00000
     -0.55377      0.00000      0.00000      0.00000      0.00000
     -0.55260      0.00000      0.00000      0.00000      0.00000
     -0.55144      0.00000      0.00000      0.00000      0.00000
     -0.55027      0.00000      0.00000      0.00000      0.00000
     -0.54910      0.00000      0.00000      0.00000      0.00000
     -0.54793      0.00000      0.00000      0.00000      0.00000
     -0.54677      0.00000      0.00000      0.00000      0.00000
     -0.54560      0.00000      0.00000      0.00000      0.00000
     -0.54443      0.00000      0.00000      0.00000      0.00000
     -0.54326      0.00000      0.00000      0.00000      0.00000
     -0.54210      0.00000      0.00000      0.00000      0.00000
     -0.54093      0.00000      0.00000      0.00000      0.00000
     -0.53976      0.00000      0.00000      0.00000      0.00000
     -0.53859      0.00000      0.00000      0.00000      0.00000
     -0.53742      0.00000      0.00000      0.00000      0.00000
     -0.53626      0.00000      0.00000      0.00000      0.00000
     -0.53509      0.00000      0.00000      0.00000      0.00000
     -0.53392      0.00000      0.00000      0.00000      0.00000
     -0.53275      0.00000      0.00000      0.00000      0.00000
     -0.53159      0.00000      0.00000      0.00000      0.00000
     -0.53042      0.00000      0.00000      0.00000      0.00000
     -0.52925      0.00000      0.00000      0.00000      0.00000
     -0.52808      0.00000      0.00000      0.00000      0.00000
     -0.52692      0.00000      0.00000      0.00000      0.00000
     -0.52575      0.00000      0.00000      0.00000      0.00000
     -0.52458      0.00000      0.00000      0.00000      0.00000
     -0.52341      0.00000      0.00000      0.00000      0.00000
     -0.52225      0.00000      0.00000      0.00000      0.00000
     -0.52108      0.00000      0.00000      0.00000      0.00000
     -0.51991      0.00000      0.00000      0.00000      0.00000
     -0.51874      0.00000      0.00000      0.00000      0.00000
     -0.51757      0.00000      0.00000      0.00000      0.00000
     -0.51641      0.00000      0.00000      0.00000      0.00000
     -0.51524      0.00000      0.00000      0.00000      0.00000
     -0.51407      0.00000      0.00000      0.00000      0.00000
     -0.51290      0.00000      0.00000      0.00000      0.00000
     -0.51174      0.00000      0.00000      0.00000      0.00000
     -0.51057      0.00000      0.00000      0.00000      0.00000
     -0.50940      0.00000      0.00000      0.00000      0.00000
     -0.50823      0.00000      0.00000      0.00000      0.00000
     -0.50707      0.00000      0.00000      0.00000      0.00000
     -0.50590      0.00000      0.00000      0.00000      0.00000
     -0.50473      0.00000      0.00000      0.00000      0.00000
     -0.50356      0.00000      0.00000      0.00000      0.00000
     -0.50240      0.00000      0.00000      0.00000      0.00000
     -0.50123      0.00000      0.00000      0.00000      0.00000
     -0.50006      0.00000      0.00000      0.00000      0.00000
     -0.49889      0.00000      0.00000      0.00000      0.00000
     -0.49772      0.00000      0.00000      0.00000      0.00000
     -0.49656      0.00000      0.00000      0.00000      0.00000
     -0.49539      0.00000      0.00000      0.00000      0.00000
     -0.49422      0.00000      0.00000      0.00000      0.00000
     -0.49305      0.00000      0.00000      0.00000      0.00000
     -0.49189      0.00000      0.00000      0.00000      0.00000
     -0.49072      0.00000      0.00000      0.00000      0.00000
     -0.48955      0.00000      0.00000      0.00000      0.00000
     -0.48838      0.00000      0.00000      0.00000      0.00000
     -0.48722      0.00000      0.00000      0.00000      0.00000
     -0.48605      0.00000      0.00000      0.00000      0.00000
     -0.48488      0.00000      0.00000      0.00000      0.00000
     -0.48371      0.00000      0.00000      0.00000      0.00000
     -0.48255      0.00000      0.00000      0.00000      0.00000
     -0.48138      0.00000      0.00000      0.00000      0.00000
     -0.48021      0.00000      0.00000      0.00000      0.00000
     -0.47904      0.00000      0.00000      0.00000      0.00000
     -0.47788      0.00000      0.00000      0.00000      0.00000
     -0.47671      0.00000      0.00000      0.00000      0.00000
     -0.47554      0.00000      0.00000      0.00000      0.00000
     -0.47437      0.00000      0.00000      0.00000      0.00000
     -0.47320      0.00000      0.00000      0.00000      0.00000
     -0.47204      0.00000      0.00000      0.00000      0.00000
     -0.47087      0.00000      0.00000      0.00000      0.00000
     -0.46970      0.00000      0.00000      0.00000      0.00000
     -0.46853      0.00000      0.00000      0.00000      0.00000
     -0.46737      0.00000      0.00000      0.00000      0.00000
     -0.46620      0.00000      0.00000      0.00000      0.00000
     -0.46503      0.00000      0.00000      0.00000      0.00000
     -0.46386      0.00000      0.00000      0.00000      0.00000
     -0.46270      0.00000      0.00000      0.00000      0.00000
     -0.46153      0.00000      0.00000      0.00000      0.00000
     -0.46036      0.00000      0.00000      0.00000      0.00000
     -0.45919      0.00000      0.00000      0.00000      0.00000
     -0.45803      0.00000      0.00000      0.00000      0.00000
     -0.45686      0.00000      0.00000      0.00000      0.00000
     -0.45569      0.00000      0.00000      0.00000      0.00000
     -0.45452      0.00000      0.00000      0.00000      0.00000
     -0.45335      0.00000      0.00000      0.00000      0.00000
     -0.45219      0.00000      0.00000      0.00000      0.00000
     -0.45102      0.00000      0.00000      0.00000      0.00000
     -0.44985      0.00000      0.00000      0.00000      0.00000
     -0.44868      0.00000      0.00000      0.00000      0.00000
     -0.44752      0.00000      0.00000      0.00000      0.00000
     -0.44635      0.00000      0.00000      0.00000      0.00000
     -0.44518      0.00000      0.00000      0.00000      0.00000
     -0.44401      0.00000      0.00000      0.00000      0.00000
     -0.44285      0.00000      0.00000      0.00000      0.00000
     -0.44168      0.00000      0.00000      0.00000      0.00000
     -0.44051      0.00000      0.00000      0.00000      0.00000
     -0.43934      0.00000      0.00000      0.00000      0.00000
     -0.43818      0.00000      0.00000      0.00000      0.00000
     -0.43701      0.00000      0.00000      0.00000      0.00000
     -0.43584      0.00000      0.00000      0.00000      0.00000
     -0.43467      0.00000      0.00000      0.00000      0.00000
     -0.43350      0.00000      0.00000      0.00000      0.00000
     -0.43234      0.00000      0.00000      0.00000      0.00000
     -0.43117      0.00000      0.00000      0.00000      0.00000
     -0.43000      0.00000      0.00000      0.00000      0.00000
     -0.42883      0.00000      0.00000      0.00000      0.00000
     -0.42767      0.00000      0.00000      0.00000      0.00000
     -0.42650      0.00000      0.00000      0.00000      0.00000
     -0.42533      0.00000      0.00000      0.00000      0.00000
     -0.42416      0.00000      0.00000      0.00000      0.00000
     -0.42300      0.00000      0.00000      0.00000      0.00000
     -0.42183      0.00000      0.00000      0.00000      0.00000
     -0.42066      0.00000      0.00000      0.00000      0.00000
     -0.41949      0.00000      0.00000      0.00000      0.00000
     -0.41833      0.00000      0.00000      0.00000      0.00000
     -0.41716      0.00000      0.00000      0.00000      0.00000
     -0.41599      0.00000      0.00000      0.00000      0.00000
     -0.41482      0.00000      0.00000      0.00000      0.00000
     -0.41365      0.00000      0.00000      0.00000      0.00000
     -0.41249      0.00000      0.00000      0.00000      0.00000
     -0.41132      0.00000      0.00000      0.00000      0.00000
     -0.41015      0.00000      0.00000      0.00000      0.00000
     -0.40898      0.00000      0.00000      0.00000      0.00000
     -0.40782      0.00000      0.00000      0.00000      0.00000
     -0.40665      0.00000      0.00000      0.00000      0.00000
     -0.40548      0.00000      0.00000      0.00000      0.00000
     -0.40431      0.00000      0.00000      0.00000      0.00000
     -0.40315      0.00000      0.00000      0.00000      0.00000
     -0.40198      0.00000      0.00000      0.00000      0.00000
     -0.40081      0.00000      0.00000      0.00000      0.00000
     -0.39964      0.00000      0.00000      0.00000      0.00000
     -0.39848      0.00000      0.00000      0.00000      0.00000
     -0.39731      0.00000      0.00000      0.00000      0.00000
     -0.39614      0.00000      0.00000      0.00000      0.00000
     -0.39497      0.00000      0.00000      0.00000      0.00000
     -0.39381      0.00000      0.00000      0.00000      0.00000
     -0.39264      0.00000      0.00000      0.00000      0.00000
     -0.39147      0.00000      0.00000      0.00000      0.00000
     -0.39030      0.00000      0.00000      0.00000      0.00000
     -0.38913      0.00000      0.00000      0.00000      0.00000
     -0.38797      0.00000      0.00000      0.00000      0.00000
     -0.38680      0.00000      0.00000      0.00000      0.00000
     -0.38563      0.00000      0.00000      0.00000      0.00000
     -0.38446      0.00000      0.00000      0.00000      0.00000
     -0.38330      0.00000      0.00000      0.00000      0.00000
     -0.38213      0.00000      0.00000      0.00000      0.00000
     -0.38096      0.00000      0.00000      0.00000      0.00000
     -0.37979      0.00000      0.00000      0.00000      0.00000
     -0.37863      0.00000      0.00000      0.00000      0.00000
     -0.37746      0.00000      0.00000      0.00000      0.00000
     -0.37629      0.00000      0.00000      0.00000      0.00000
     -0.37512      0.00000      0.00000      0.00000      0.00000
     -0.37396      0.00000      0.00000      0.00000      0.00000
     -0.37279      0.00000      0.00000      0.00000      0.00000
     -0.37162      0.00000      0.00000      0.00000      0.00000
     -0.37045      0.00000      0.00000      0.00000      0.00000
     -0.36928      0.00000      0.00000      0.00000      0.00000
     -0.36812      0.00000      0.00000      0.00000      0.00000
     -0.36695      0.00000      0.00000      0.00000      0.00000
     -0.36578      0.00000      0.00000      0.00000      0.00000
     -0.36461      0.00000      0.00000      0.00000      0.00000
     -0.36345      0.00000      0.00000      0.00000      0.00000
     -0.36228      0.00000      0.00000      0.00000      0.00000
     -0.36111      0.00000      0.00000      0.00000      0.00000
     -0.35994      0.00000      0.00000      0.00000      0.00000
     -0.35878      0.00000      0.00000      0.00000      0.00000
     -0.35761      0.00000      0.00000      0.00000      0.00000
     -0.35644      0.00000      0.00000      0.00000      0.00000
     -0.35527      0.00000      0.00000      0.00000      0.00000
     -0.35411      0.00000      0.00000      0.00000      0.00000
     -0.35294      0.00000      0.00000      0.00000      0.00000
     -0.35177      0.00000      0.00000      0.00000      0.00000
     -0.35060      0.00000      0.00000      0.00000      0.00000
     -0.34943      0.00000      0.00000      0.00000      0.00000
     -0.34827      0.00000      0.00000      0.00000      0.00000
     -0.34710      0.00000      0.00000      0.00000      0.00000
     -0.34593      0.00000      0.00000      0.00000      0.00000
     -0.34476      0.00000      0.00000      0.00000      0.00000
     -0.34360      0.00000      0.00000      0.00000      0.00000
     -0.34243      0.00000      0.00000      0.00000      0.00000
     -0.34126      0.00000      0.00000      0.00000      0.00000
     -0.34009      0.00000      0.00000      0.00000      0.00000
     -0.33893      0.00000      0.00000      0.00000      0.00000
     -0.33776      0.00000      0.00000      0.00000      0.00000
     -0.33659      0.00000      0.00000      0.00000      0.00000
     -0.33542      0.00000      0.00000      0.00000      0.00000
     -0.33426      0.00000      0.00000      0.00000      0.00000
     -0.33309      0.00000      0.00000      0.00000      0.00000
     -0.33192      0.00000      0.00000      0.00000      0.00000
     -0.33075      0.00000      0.00000      0.00000      0.00000
     -0.32958      0.00000      0.00000      0.00000      0.00000
     -0.32842      0.00000      0.00000      0.00000      0.00000
     -0.32725      0.00000      0.00000      0.00000      0.00000
     -0.32608      0.00000      0.00000      0.00000      0.00000
     -0.32491      0.00000      0.00000      0.00000      0.00000
     -0.32375      0.00000      0.00000      0.00000      0.00000
     -0.32258      0.00000      0.00000      0.00000      0.00000
     -0.32141      0.00000      0.00000      0.00000      0.00000
     -0.32024      0.00000      0.00000      0.00000      0.00000
     -0.31908      0.00000      0.00000      0.00000      0.00000
     -0.31791      0.00000      0.00000      0.00000      0.00000
     -0.31674      0.00000      0.00000      0.00000      0.00000
     -0.31557      0.00000      0.00000      0.00000      0.00000
     -0.31441      0.00000      0.00000      0.00000      0.00000
     -0.31324      0.00000      0.00000      0.00000      0.00000
     -0.31207      0.00000      0.00000      0.00000      0.00000
     -0.31090      0.00000      0.00000      0.00000      0.00000
     -0.30973      0.00000      0.00000      0.00000      0.00000
     -0.30857      0.00000      0.00000      0.00000      0.00000
     -0.30740      0.00000      0.00000      0.00000      0.00000
     -0.30623      0.00000      0.00000      0.00000      0.00000
     -0.30506      0.00000      0.00000      0.00000      0.00000
     -0.30390      0.00000      0.00000      0.00000      0.00000
     -0.30273      0.00000      0.00000      0.00000      0.00000
     -0.30156      0.00000      0.00000      0.00000      0.00000
     -0.30039      0.00000      0.00000      0.00000      0.00000
     -0.29923      0.00000      0.00000      0.00000      0.00000
     -0.29806      0.00000      0.00000      0.00000      0.00000
     -0.29689      0.00000      0.00000      0.00000      0.00000
     -0.29572      0.00000      0.00000      0.00000      0.00000
     -0.29456      0.00000      0.00000      0.00000      0.00000
     -0.29339      0.00000      0.00000      0.00000      0.00000
     -0.29222      0.00000      0.00000      0.00000      0.00000
     -0.29105      0.00000      0.00000      0.00000      0.00000
     -0.28989      0.00000      0.00000      0.00000      0.00000
     -0.28872      0.00000      0.00000      0.00000      0.00000
     -0.28755      0.00000      0.00000      0.00000      0.00000
     -0.28638      0.00000      0.00000      0.00000      0.00000
     -0.28521      0.00000      0.00000      0.00000      0.00000
     -0.28405      0.00000      0.00000      0.00000      0.00000
     -0.28288      0.00000      0.00000      0.00000      0.00000
     -0.28171      0.00000      0.00000      0.00000      0.00000
     -0.28054      0.00000      0.00000      0.00000      0.00000
     -0.27938      0.00000      0.00000      0.00000      0.00000
     -0.27821      0.00000      0.00000      0.00000      0.00000
     -0.27704      0.01561      0.00003      0.01556      0.00002
     -0.27587      0.02919      0.00006      0.02910      0.00003
     -0.27471      0.05300      0.00011      0.05284      0.00005
     -0.27354      0.09344      0.00020      0.09314      0.00009
     -0.27237      0.15993      0.00034      0.15942      0.00016
     -0.27120      0.26576      0.00057      0.26492      0.00027
     -0.27004      0.42878      0.00091      0.42743      0.00044
     -0.26887      0.67167      0.00143      0.66955      0.00068
     -0.26770      1.02152      0.00218      1.01831      0.00104
     -0.26653      1.51530      0.00329      1.51047      0.00153
     -0.26536      2.17545      0.00475      2.16850      0.00220
     -0.26420      3.03363      0.00668      3.02389      0.00306
     -0.26303      4.10955      0.00913      4.09627      0.00415
     -0.26186      5.40900      0.01217      5.39138      0.00544
     -0.26069      6.91873      0.01582      6.89597      0.00695
     -0.25953      8.60293      0.02008      8.57425      0.00861
     -0.25836     10.42850      0.02502     10.39309      0.01039
     -0.25719     12.28526      0.03047     12.24263      0.01217
     -0.25602     14.09941      0.03645     14.04910      0.01386
     -0.25486     15.79849      0.04294     15.74013      0.01542
     -0.25369     17.28582      0.04990     17.21921      0.01670
     -0.25252     18.56249      0.05797     18.48677      0.01775
     -0.25135     19.56111      0.06647     19.47616      0.01848
     -0.25019     20.33687      0.07589     20.24199      0.01899
     -0.24902     20.96513      0.08646     20.85925      0.01941
     -0.24785     21.55883      0.09848     21.44042      0.01994
     -0.24668     22.25781      0.11225     22.12475      0.02080
     -0.24551     23.24929      0.12821     23.09867      0.02241
     -0.24435     24.64204      0.14672     24.47041      0.02491
     -0.24318     26.59094      0.16827     26.39399      0.02867
     -0.24201     29.20090      0.19337     28.97356      0.03397
     -0.24084     32.54656      0.22281     32.28272      0.04103
     -0.23968     36.61980      0.25650     36.31333      0.04997
     -0.23851     41.37918      0.29477     41.02361      0.06081
     -0.23734     46.71676      0.33738     46.30595      0.07343
     -0.23617     52.46911      0.38366     51.99786      0.08759
     -0.23501     58.42689      0.43238     57.89160      0.10291
     -0.23384     64.35008      0.48184     63.74933      0.11891
     -0.23267     70.00990      0.53067     69.34419      0.13504
     -0.23150     75.13940      0.57590     74.41283      0.15068
     -0.23034     79.54582      0.61602     78.76454      0.16526
     -0.22917     83.00758      0.64961     82.17983      0.17815
     -0.22800     85.59161      0.67648     84.72610      0.18902
     -0.22683     87.15453      0.69684     86.26032      0.19736
     -0.22566     87.72048      0.71200     86.80563      0.20285
     -0.22450     87.35361      0.72396     86.42441      0.20524
     -0.22333     86.14370      0.73502     85.20426      0.20442
     -0.22216     84.19268      0.74740     83.24493      0.20036
     -0.22099     81.60432      0.76277     80.64837      0.19317
     -0.21983     78.47841      0.78198     77.51331      0.18312
     -0.21866     74.87486      0.80439     73.89989      0.17059
     -0.21749     70.96526      0.82974     69.97937      0.15615
     -0.21632     66.77851      0.85518     65.78292      0.14041
     -0.21516     62.39688      0.87793     61.39491      0.12405
     -0.21399     57.89575      0.89489     56.89310      0.10776
     -0.21282     53.34127      0.90308     52.34607      0.09212
     -0.21165     48.78832      0.89995     47.81075      0.07762
     -0.21049     44.23161      0.88349     43.28358      0.06454
     -0.20932     39.82207      0.85330     38.91562      0.05315
     -0.20815     35.53916      0.80930     34.68628      0.04358
     -0.20698     31.30541      0.75259     30.51752      0.03530
     -0.20582     27.34474      0.68566     26.63019      0.02889
     -0.20465     23.48707      0.60975     22.85365      0.02367
     -0.20348     20.08124      0.53197     19.52916      0.02011
     -0.20231     17.00141      0.45327     16.53036      0.01779
     -0.20114     14.35539      0.37707     13.96142      0.01690
     -0.19998     12.24175      0.30626     11.91783      0.01767
     -0.19881     10.78292      0.24389     10.51859      0.02044
     -0.19764      9.90239      0.19015      9.68712      0.02511
     -0.19647     10.04674      0.14682      9.86653      0.03339
     -0.19531     11.06014      0.11384     10.90138      0.04491
     -0.19414     13.00496      0.09113     12.85373      0.06010
     -0.19297     15.82310      0.07621     15.66771      0.07918
     -0.19180     19.69648      0.07408     19.52024      0.10216
     -0.19064     24.41015      0.08101     24.20052      0.12862
     -0.18947     29.82560      0.09711     29.57071      0.15778
     -0.18830     35.73544      0.12255     35.42444      0.18845
     -0.18713     41.87026      0.15747     41.49373      0.21905
     -0.18597     47.91431      0.20178     47.46473      0.24780
     -0.18480     53.47546      0.25333     52.94936      0.27276
     -0.18363     58.35344      0.31496     57.74620      0.29228
     -0.18246     62.16509      0.38201     61.47823      0.30485
     -0.18129     64.68484      0.45177     63.92354      0.30953
     -0.18013     65.83579      0.52071     65.00880      0.30629
     -0.17896     65.49899      0.58458     64.61930      0.29512
     -0.17779     63.77596      0.63902     62.85978      0.27716
     -0.17662     60.83061      0.67995     59.89673      0.25394
     -0.17546     56.90843      0.70404     55.97709      0.22730
     -0.17429     52.31705      0.70926     51.40851      0.19928
     -0.17312     47.40427      0.69510     46.53726      0.17190
     -0.17195     42.53541      0.66275     41.72562      0.14703
     -0.17079     38.07092      0.61490     37.32975      0.12626
     -0.16962     34.34455      0.55543     33.67826      0.11086
     -0.16845     31.67674      0.48891     31.08606      0.10177
     -0.16728     30.24981      0.42003     29.73039      0.09939
     -0.16612     30.21153      0.35311     29.75459      0.10383
     -0.16495     31.60049      0.29162     31.19411      0.11476
     -0.16378     34.36417      0.23800     33.99476      0.13141
     -0.16261     38.29011      0.19352     37.94399      0.15260
     -0.16144     43.12741      0.15839     42.79218      0.17685
     -0.16028     48.33561      0.13177     48.00251      0.20133
     -0.15911     53.96689      0.11275     53.62766      0.22647
     -0.15794     59.35648      0.09943     59.00825      0.24880
     -0.15677     64.22300      0.09015     63.86606      0.26679
     -0.15561     68.31030      0.08319     67.94816      0.27895
     -0.15444     71.70751      0.07777     71.34415      0.28559
     -0.15327     74.41641      0.07274     74.05737      0.28631
     -0.15210     76.57682      0.06770     76.22743      0.28169
     -0.15094     78.42854      0.06051     78.09505      0.27298
     -0.14977     80.40249      0.05611     80.08459      0.26180
     -0.14860     82.63184      0.05170     82.33048      0.24965
     -0.14743     85.32313      0.04793     85.03713      0.23807
     -0.14627     88.56227      0.04541     88.28862      0.22824
     -0.14510     92.35960      0.04465     92.09395      0.22101
     -0.14393     96.57336      0.04607     96.31054      0.21675
     -0.14276    101.06598      0.04994    100.80056      0.21548
     -0.14159    105.67436      0.05639    105.40105      0.21691
     -0.14043    110.26330      0.06540    109.97737      0.22053
     -0.13926    114.75055      0.07680    114.44805      0.22570
     -0.13809    119.13024      0.09024    118.80824      0.23176
     -0.13692    123.40722      0.10527    123.06393      0.23802
     -0.13576    127.67236      0.12127    127.30716      0.24393
     -0.13459    131.91032      0.13748    131.52401      0.24883
     -0.13342    136.11791      0.15306    135.71261      0.25224
     -0.13225    140.00541      0.16684    139.58586      0.25271
     -0.13109    143.87344      0.17856    143.44257      0.25231
     -0.12992    147.11876      0.18697    146.68267      0.24912
     -0.12875    149.45297      0.19143    149.01847      0.24308
     -0.12758    150.59242      0.19154    150.16664      0.23424
     -0.12642    150.31724      0.18722    149.90720      0.22283
     -0.12525    148.52356      0.17868    148.13562      0.20927
     -0.12408    145.25738      0.16649    144.89676      0.19413
     -0.12291    140.72147      0.15147    140.39188      0.17812
     -0.12174    135.26606      0.13460    134.96944      0.16202
     -0.12058    129.11807      0.11692    128.85494      0.14621
     -0.11941    123.14011      0.09946    122.90839      0.13225
     -0.11824    117.47646      0.08304    117.27342      0.12000
     -0.11707    112.37680      0.06828    112.19880      0.10972
     -0.11591    107.89336      0.05557    107.73640      0.10140
     -0.11474    104.15956      0.04501    104.01971      0.09484
     -0.11357    100.77805      0.03650    100.65222      0.08933
     -0.11240     97.67947      0.02987     97.56459      0.08501
     -0.11124     94.32832      0.02456     94.22304      0.08072
     -0.11007     90.63378      0.02069     90.53657      0.07652
     -0.10890     86.27764      0.01762     86.18826      0.07176
     -0.10773     81.19331      0.01509     81.11191      0.06631
     -0.10657     75.44077      0.01293     75.36766      0.06018
     -0.10540     69.02568      0.01094     68.96155      0.05319
     -0.10423     62.56214      0.00859     62.50712      0.04643
     -0.10306     56.03273      0.00726     55.98584      0.03963
     -0.10190     49.68773      0.00595     49.64884      0.03295
     -0.10073     44.03197      0.00475     44.00014      0.02709
     -0.09956     38.89268      0.00368     38.86713      0.02187
     -0.09839     34.32510      0.00277     34.30493      0.01740
     -0.09722     30.24938      0.00202     30.23368      0.01368
     -0.09606     26.73608      0.00144     26.72396      0.01069
     -0.09489     23.59227      0.00099     23.58296      0.00832
     -0.09372     20.72795      0.00066     20.72081      0.00648
     -0.09255     18.07117      0.00043     18.06570      0.00504
     -0.09139     15.57792      0.00027     15.57373      0.00392
     -0.09022     13.18643      0.00017     13.18322      0.00304
     -0.08905     11.01931      0.00010     11.01687      0.00235
     -0.08788      8.83702      0.00000      8.83549      0.00153
     -0.08672      7.12107      0.00000      7.11986      0.00121
     -0.08555      5.59409      0.00000      5.59316      0.00093
     -0.08438      4.22323      0.00000      4.22255      0.00069
     -0.08321      3.16032      0.00000      3.15982      0.00050
     -0.08205      2.30061      0.00000      2.30026      0.00035
     -0.08088      1.62934      0.00000      1.62910      0.00024
     -0.07971      1.12268      0.00000      1.12252      0.00016
     -0.07854      0.75267      0.00000      0.75257      0.00010
     -0.07737      0.49099      0.00000      0.49092      0.00006
     -0.07621      0.31165      0.00000      0.31161      0.00004
     -0.07504      0.19249      0.00000      0.19247      0.00002
     -0.07387      0.05815      0.00000      0.05815      0.00000
     -0.07270      0.03561      0.00000      0.03561      0.00000
     -0.07154      0.02118      0.00000      0.02118      0.00000
     -0.07037      0.00000      0.00000      0.00000      0.00000
     -0.06920      0.00000      0.00000      0.00000      0.00000
     -0.06803      0.00000      0.00000      0.00000      0.00000
     -0.06687      0.00000      0.00000      0.00000      0.00000
     -0.06570      0.00000      0.00000      0.00000      0.00000
     -0.06453      0.00000      0.00000      0.00000      0.00000
     -0.06336      0.00000      0.00000      0.00000      0.00000
     -0.06220      0.00000      0.00000      0.00000      0.00000
     -0.06103      0.00000      0.00000      0.00000      0.00000
     -0.05986      0.00000      0.00000      0.00000      0.00000
     -0.05869      0.00000      0.00000      0.00000      0.00000
     -0.05752      0.00000      0.00000      0.00000      0.00000
     -0.05636      0.00000      0.00000      0.00000      0.00000
     -0.05519      0.00000      0.00000      0.00000      0.00000
     -0.05402      0.00000      0.00000      0.00000      0.00000
     -0.05285      0.00000      0.00000      0.00000      0.00000
     -0.05169      0.00000      0.00000      0.00000      0.00000
     -0.05052      0.00000      0.00000      0.00000      0.00000
     -0.04935      0.00000      0.00000      0.00000      0.00000
     -0.04818      0.00000      0.00000      0.00000      0.00000
     -0.04702      0.00000      0.00000      0.00000      0.00000
     -0.04585      0.00000      0.00000      0.00000      0.00000
     -0.04468      0.00000      0.00000      0.00000      0.00000
     -0.04351      0.00000      0.00000      0.00000      0.00000
     -0.04235      0.00000      0.00000      0.00000      0.00000
     -0.04118      0.00000      0.00000      0.00000      0.00000
     -0.04001      0.00000      0.00000      0.00000      0.00000
     -0.03884      0.00000      0.00000      0.00000      0.00000
     -0.03767      0.00000      0.00000      0.00000      0.00000
     -0.03651      0.00000      0.00000      0.00000      0.00000
     -0.03534      0.00000      0.00000      0.00000      0.00000
     -0.03417      0.00000      0.00000      0.00000      0.00000
     -0.03300      0.00000      0.00000      0.00000      0.00000
     -0.03184      0.00000      0.00000      0.00000      0.00000
     -0.03067      0.00000      0.00000      0.00000      0.00000
     -0.02950      0.00000      0.00000      0.00000      0.00000
     -0.02833      0.00000      0.00000      0.00000      0.00000
     -0.02717      0.00000      0.00000      0.00000      0.00000
     -0.02600      0.00000      0.00000      0.00000      0.00000
     -0.02483      0.00000      0.00000      0.00000      0.00000
     -0.02366      0.00000      0.00000      0.00000      0.00000
     -0.02250      0.00000      0.00000      0.00000      0.00000
     -0.02133      0.00000      0.00000      0.00000      0.00000
     -0.02016      0.00000      0.00000      0.00000      0.00000
     -0.01899      0.00000      0.00000      0.00000      0.00000
     -0.01783      0.00000      0.00000      0.00000      0.00000
     -0.01666      0.00000      0.00000      0.00000      0.00000
     -0.01549      0.00000      0.00000      0.00000      0.00000
     -0.01432      0.00000      0.00000      0.00000      0.00000
     -0.01315      0.00000      0.00000      0.00000      0.00000
     -0.01199      0.00000      0.00000      0.00000      0.00000
     -0.01082      0.00000      0.00000      0.00000      0.00000
     -0.00965      0.00000      0.00000      0.00000      0.00000
     -0.00848      0.00000      0.00000      0.00000      0.00000
     -0.00732      0.00000      0.00000      0.00000      0.00000
     -0.00615      0.00000      0.00000      0.00000      0.00000
     -0.00498      0.00000      0.00000      0.00000      0.00000
     -0.00381      0.00000      0.00000      0.00000      0.00000
     -0.00265      0.00000      0.00000      0.00000      0.00000
     -0.00148      0.00000      0.00000      0.00000      0.00000
     -0.00031      0.00000      0.00000      0.00000      0.00000
      0.00086      0.00000      0.00000      0.00000      0.00000
      0.00202      0.00000      0.00000      0.00000      0.00000
      0.00319      0.00000      0.00000      0.00000      0.00000
      0.00436      0.00000      0.00000      0.00000      0.00000
      0.00553      0.00000      0.00000      0.00000      0.00000
      0.00670      0.00000      0.00000      0.00000      0.00000
      0.00786      0.00000      0.00000      0.00000      0.00000
      0.00903      0.00000      0.00000      0.00000      0.00000
      0.01020      0.00000      0.00000      0.00000      0.00000
      0.01137      0.00000      0.00000      0.00000      0.00000
      0.01253      0.00000      0.00000      0.00000      0.00000
      0.01370      0.00000      0.00000      0.00000      0.00000
      0.01487      0.00000      0.00000      0.00000      0.00000
      0.01604      0.00000      0.00000      0.00000      0.00000
      0.01720      0.00000      0.00000      0.00000      0.00000
      0.01837      0.00000      0.00000      0.00000      0.00000
      0.01954      0.00000      0.00000      0.00000      0.00000
      0.02071      0.00000      0.00000      0.00000      0.00000
      0.02187      0.00000      0.00000      0.00000      0.00000
      0.02304      0.00000      0.00000      0.00000      0.00000
      0.02421      0.00000      0.00000      0.00000      0.00000
      0.02538      0.00000      0.00000      0.00000      0.00000
      0.02655      0.00000      0.00000      0.00000      0.00000
      0.02771      0.00000      0.00000      0.00000      0.00000
      0.02888      0.00000      0.00000      0.00000      0.00000
      0.03005      0.00000      0.00000      0.00000      0.00000
      0.03122      0.00000      0.00000      0.00000      0.00000
      0.03238      0.00000      0.00000      0.00000      0.00000
      0.03355      0.00000      0.00000      0.00000      0.00000
      0.03472      0.00000      0.00000      0.00000      0.00000
      0.03589      0.00000      0.00000      0.00000      0.00000
      0.03705      0.00000      0.00000      0.00000      0.00000
      0.03822      0.00000      0.00000      0.00000      0.00000
      0.03939      0.00000      0.00000      0.00000      0.00000
      0.04056      0.00000      0.00000      0.00000      0.00000
      0.04172      0.00000      0.00000      0.00000      0.00000
      0.04289      0.00000      0.00000      0.00000      0.00000
      0.04406      0.00000      0.00000      0.00000      0.00000
      0.04523      0.00000      0.00000      0.00000      0.00000
      0.04640      0.00000      0.00000      0.00000      0.00000
      0.04756      0.00000      0.00000      0.00000      0.00000
      0.04873      0.00000      0.00000      0.00000      0.00000
      0.04990      0.00000      0.00000      0.00000      0.00000
      0.05107      0.00000      0.00000      0.00000      0.00000
      0.05223      0.00000      0.00000      0.00000      0.00000
      0.05340      0.00000      0.00000      0.00000      0.00000
      0.05457      0.00000      0.00000      0.00000      0.00000
      0.05574      0.00000      0.00000      0.00000      0.00000
      0.05690      0.00000      0.00000      0.00000      0.00000
      0.05807      0.00000      0.00000      0.00000      0.00000
      0.05924      0.00000      0.00000      0.00000      0.00000
      0.06041      0.00000      0.00000      0.00000      0.00000
      0.06157      0.00000      0.00000      0.00000      0.00000
      0.06274      0.00000      0.00000      0.00000      0.00000
      0.06391      0.00000      0.00000      0.00000      0.00000
      0.06508      0.00000      0.00000      0.00000      0.00000
      0.06625      0.00000      0.00000      0.00000      0.00000
      0.06741      0.00007      0.00007     -0.00000     -0.00000
      0.06858      0.00013      0.00013     -0.00000     -0.00000
      0.06975      0.00023      0.00023     -0.00000     -0.00000
      0.07092      0.00041      0.00041     -0.00000     -0.00000
      0.07208      0.00070      0.00070     -0.00000     -0.00000
      0.07325      0.00116      0.00116     -0.00000     -0.00000
      0.07442      0.00186      0.00186     -0.00000     -0.00000
      0.07559      0.00291      0.00291     -0.00000     -0.00000
      0.07675      0.00442      0.00442     -0.00000     -0.00000
      0.07792      0.00652      0.00652     -0.00000     -0.00000
      0.07909      0.00933      0.00933     -0.00000     -0.00000
      0.08026      0.01296      0.01296     -0.00000     -0.00000
      0.08142      0.01749      0.01749     -0.00000     -0.00000
      0.08259      0.02290      0.02290     -0.00000     -0.00000
      0.08376      0.02912      0.02912     -0.00000     -0.00000
      0.08493      0.03595      0.03595     -0.00000     -0.00000
      0.08609      0.04309      0.04309     -0.00000     -0.00000
      0.08726      0.05015      0.05015     -0.00000     -0.00000
      0.08843      0.05666      0.05666     -0.00000     -0.00000
      0.08960      0.06215      0.06215     -0.00000     -0.00000
      0.09077      0.06620      0.06620     -0.00000     -0.00000
      0.09193      0.06846      0.06846     -0.00000     -0.00000
      0.09310      0.06873      0.06873     -0.00000     -0.00000
      0.09427      0.06700      0.06700     -0.00000     -0.00000
      0.09544      0.06340      0.06340     -0.00000     -0.00000
      0.09660      0.05826      0.05826     -0.00000     -0.00000
      0.09777      0.05198      0.05198     -0.00000     -0.00000
      0.09894      0.04502      0.04502     -0.00000     -0.00000
      0.10011      0.03922      0.03834      0.00086      0.00001
      0.10127      0.03341      0.03180      0.00159      0.00002
      0.10244      0.02898      0.02610      0.00284      0.00004
      0.10361      0.02662      0.02163      0.00492      0.00007
      0.10478      0.02716      0.01875      0.00829      0.00012
      0.10594      0.03158      0.01784      0.01356      0.00019
      0.10711      0.04112      0.01930      0.02152      0.00030
      0.10828      0.05720      0.02357      0.03317      0.00046
      0.10945      0.08151      0.03117      0.04965      0.00069
      0.11062      0.11579      0.04265      0.07215      0.00100
      0.11178      0.16171      0.05851      0.10178      0.00141
      0.11295      0.22049      0.07914      0.13942      0.00193
      0.11412      0.29263      0.10465      0.18541      0.00257
      0.11529      0.37723      0.13451      0.23940      0.00332
      0.11645      0.47290      0.16863      0.30011      0.00416
      0.11762      0.57558      0.20524      0.36527      0.00507
      0.11879      0.68017      0.24254      0.43164      0.00599
      0.11996      0.78038      0.27827      0.49524      0.00687
      0.12112      0.86929      0.30997      0.55166      0.00766
      0.12229      0.94015      0.33524      0.59663      0.00828
      0.12346      0.98720      0.35202      0.62649      0.00869
      0.12463      1.00644      0.35888      0.63870      0.00886
      0.12579      0.99620      0.35523      0.63220      0.00877
      0.12696      0.95736      0.34138      0.60755      0.00843
      0.12813      0.89327      0.31852      0.56688      0.00787
      0.12930      0.80921      0.28855      0.51354      0.00713
      0.13047      0.71173      0.25379      0.45167      0.00627
      0.13163      0.60778      0.21672      0.38570      0.00535
      0.13280      0.50391      0.17968      0.31979      0.00444
      0.13397      0.40563      0.14464      0.25742      0.00357
      0.13514      0.31702      0.11304      0.20118      0.00279
      0.13630      0.24055      0.08578      0.15266      0.00212
      0.13747      0.17722      0.06319      0.11246      0.00156
      0.13864      0.12676      0.04520      0.08044      0.00112
      0.13981      0.08803      0.03139      0.05587      0.00078
      0.14097      0.05936      0.02116      0.03767      0.00052
      0.14214      0.03886      0.01386      0.02466      0.00034
      0.14331      0.02470      0.00881      0.01567      0.00022
      0.14448      0.01524      0.00543      0.00967      0.00013
      0.14564      0.00913      0.00326      0.00579      0.00008
      0.14681      0.00531      0.00189      0.00337      0.00005
      0.14798      0.00000      0.00000      0.00000      0.00000
      0.14915      0.00000      0.00000      0.00000      0.00000
      0.15032      0.00000      0.00000      0.00000      0.00000
      0.15148      0.00000      0.00000      0.00000      0.00000
      0.15265      0.00000      0.00000      0.00000      0.00000
      0.15382      0.00000      0.00000      0.00000      0.00000
      0.15499      0.00000      0.00000      0.00000      0.00000
      0.15615      0.00000      0.00000      0.00000      0.00000
      0.15732      0.00000      0.00000      0.00000      0.00000
      0.15849      0.00543      0.00064      0.00464      0.00015
      0.15966      0.00995      0.00118      0.00850      0.00027
      0.16082      0.01771      0.00209      0.01513      0.00049
      0.16199      0.03060      0.00361      0.02614      0.00084
      0.16316      0.05134      0.00607      0.04385      0.00142
      0.16433      0.08362      0.00988      0.07144      0.00231
      0.16549      0.13226      0.01563      0.11298      0.00365
      0.16666      0.20309      0.02399      0.17349      0.00560
      0.16783      0.30278      0.03577      0.25865      0.00836
      0.16900      0.43826      0.05178      0.37439      0.01209
      0.17016      0.61592      0.07277      0.52615      0.01700
      0.17133      0.84040      0.09929      0.71792      0.02319
      0.17250      1.11332      0.13153      0.95106      0.03072
      0.17367      1.43196      0.16918      1.22326      0.03952
      0.17484      1.78819      0.21127      1.52758      0.04935
      0.17600      2.16807      0.25615      1.85209      0.05983
      0.17717      2.55215      0.30152      2.18019      0.07043
      0.17834      2.91685      0.34461      2.49174      0.08050
      0.17951      3.23665      0.38239      2.76493      0.08932
      0.18067      3.48700      0.41197      2.97880      0.09623
      0.18184      3.64739      0.43092      3.11582      0.10066
      0.18301      3.70414      0.43762      3.16430      0.10222
      0.18418      3.65231      0.43150      3.12002      0.10079
      0.18534      3.49640      0.41308      2.98683      0.09649
      0.18651      3.24975      0.38394      2.77613      0.08968
      0.18768      2.93260      0.34647      2.50520      0.08093
      0.18885      2.56939      0.30356      2.19492      0.07091
      0.19001      2.18565      0.25822      1.86711      0.06032
      0.19118      1.80513      0.21327      1.54204      0.04982
      0.19235      1.44746      0.17101      1.23651      0.03995
      0.19352      1.13154      0.13353      0.96637      0.03163
      0.19469      0.86033      0.10136      0.73448      0.02449
      0.19585      0.64035      0.07515      0.54620      0.01901
      0.19702      0.47183      0.05487      0.40162      0.01534
      0.19819      0.35259      0.04019      0.29878      0.01363
      0.19936      0.27960      0.03063      0.23489      0.01408
      0.20052      0.25020      0.02575      0.20745      0.01700
      0.20169      0.26378      0.02537      0.21525      0.02316
      0.20286      0.31952      0.02912      0.25770      0.03269
      0.20403      0.41955      0.03709      0.33599      0.04647
      0.20519      0.56638      0.04943      0.45174      0.06521
      0.20636      0.75200      0.06509      0.59763      0.08929
      0.20753      1.00211      0.08711      0.79514      0.11986
      0.20870      1.29747      0.11339      1.02748      0.15660
      0.20986      1.63246      0.14361      1.28962      0.19923
      0.21103      1.99637      0.17705      1.57234      0.24699
      0.21220      2.37363      0.21260      1.86245      0.29857
      0.21337      2.74470      0.24883      2.14362      0.35225
      0.21454      3.08785      0.28408      2.39782      0.40596
      0.21570      3.38144      0.31662      2.60733      0.45750
      0.21687      3.60640      0.34486      2.75684      0.50471
      0.21804      3.74850      0.36744      2.83543      0.54564
      0.21921      3.80001      0.38341      2.83793      0.57867
      0.22037      3.76037      0.39221      2.76557      0.60258
      0.22154      3.63591      0.39374      2.62561      0.61656
      0.22271      3.43861      0.38822      2.43023      0.62016
      0.22388      3.18428      0.37619      2.19477      0.61332
      0.22504      2.89044      0.35839      1.93576      0.59629
      0.22621      2.57443      0.33570      1.66906      0.56967
      0.22738      2.25185      0.30908      1.40836      0.53441
      0.22855      1.93567      0.27957      1.16425      0.49185
      0.22971      1.63579      0.24823      0.94391      0.44365
      0.23088      1.35915      0.21615      0.75123      0.39178
      0.23205      1.11377      0.18458      0.59059      0.33861
      0.23322      0.89764      0.15428      0.45740      0.28596
      0.23439      0.71412      0.12626      0.35190      0.23597
      0.23555      0.56389      0.10123      0.27232      0.19035
      0.23672      0.44734      0.07975      0.21719      0.15041
      0.23789      0.36499      0.06215      0.18583      0.11702
      0.23906      0.31788      0.04861      0.17863      0.09063
      0.24022      0.30778      0.03917      0.19724      0.07137
      0.24139      0.32739      0.03293      0.23650      0.05796
      0.24256      0.40420      0.03185      0.31943      0.05292
      0.24373      0.52528      0.03442      0.43685      0.05400
      0.24489      0.69414      0.04054      0.59271      0.06089
      0.24606      0.91218      0.05002      0.78903      0.07313
      0.24723      1.17763      0.06255      1.02496      0.09012
      0.24840      1.48442      0.07763      1.29576      0.11103
      0.24956      1.82316      0.09510      1.59241      0.13565
      0.25073      2.18065      0.11442      1.90266      0.16357
      0.25190      2.53447      0.13419      2.20782      0.19246
      0.25307      2.86362      0.15370      2.48843      0.22150
      0.25424      3.14771      0.17244      2.72487      0.25040
      0.25540      3.36916      0.19021      2.89987      0.27909
      0.25657      3.51700      0.20740      3.00088      0.30872
      0.25774      3.58846      0.22502      3.02206      0.34138
      0.25891      3.59014      0.24473      2.96526      0.38016
      0.26007      3.54626      0.26951      2.84628      0.43046
      0.26124      3.46891      0.30084      2.67332      0.49475
      0.26241      3.39060      0.34161      2.47097      0.57802
      0.26358      3.33976      0.39378      2.26249      0.68349
      0.26474      3.34164      0.45835      2.07061      0.81268
      0.26591      3.41517      0.53502      1.91541      0.96473
      0.26708      3.57109      0.62203      1.81292      1.13614
      0.26825      3.81144      0.71614      1.77449      1.32081
      0.26941      4.13305      0.81333      1.80794      1.51178
      0.27058      4.52163      0.90818      1.91528      1.69816
      0.27175      4.96439      0.99590      2.09711      1.87139
      0.27292      5.44647      1.07212      2.35097      2.02338
      0.27408      5.95372      1.13367      2.67182      2.14823
      0.27525      6.47313      1.17881      3.05151      2.24281
      0.27642      6.99210      1.20731      3.47789      2.30690
      0.27759      7.49698      1.22015      3.93408      2.34276
      0.27876      7.97162      1.21916      4.39803      2.35443
      0.27992      8.38399      1.20582      4.83231      2.34586
      0.28109      8.74195      1.18372      5.23419      2.32405
      0.28226      9.00117      1.15336      5.55633      2.29149
      0.28343      9.14015      1.11584      5.77331      2.25100
      0.28459      9.14196      1.07181      5.86604      2.20411
      0.28576      8.99743      1.02161      5.82467      2.15115
      0.28693      8.70729      0.96563      5.65010      2.09156
      0.28810      8.28263      0.90438      5.35400      2.02425
      0.28926      7.74372      0.83869      4.95718      1.94785
      0.29043      7.11740      0.76965      4.48669      1.86106
      0.29160      6.43374      0.69857      3.97236      1.76281
      0.29277      5.72271      0.62680      3.44332      1.65259
      0.29393      5.01138      0.55569      2.92511      1.53058
      0.29510      4.32215      0.48644      2.43782      1.39789
      0.29627      3.67204      0.42011      1.99530      1.25662
      0.29744      3.06282      0.35511      1.60245      1.10527
      0.29861      2.52620      0.29828      1.26900      0.95892
      0.29977      2.04925      0.24611      0.98889      0.81425
      0.30094      1.63355      0.19925      0.75842      0.67588
      0.30211      1.27768      0.15797      0.57235      0.54736
      0.30328      0.98038      0.12269      0.42479      0.43290
      0.30444      0.74062      0.09376      0.31169      0.33517
      0.30561      0.54883      0.07020      0.22533      0.25329
      0.30678      0.40232      0.05204      0.16214      0.18814
      0.30795      0.27287      0.03670      0.10108      0.13510
      0.30911      0.21458      0.02933      0.08201      0.10324
      0.31028      0.18620      0.02616      0.07489      0.08515
      0.31145      0.18893      0.02743      0.08070      0.08080
      0.31262      0.22540      0.03363      0.10106      0.09070
      0.31378      0.29986      0.04548      0.13835      0.11603
      0.31495      0.41800      0.06390      0.19555      0.15855
      0.31612      0.58628      0.08994      0.27594      0.22039
      0.31729      0.80476      0.12377      0.38041      0.30059
      0.31846      1.09773      0.16846      0.51933      0.40994
      0.31962      1.44951      0.22225      0.68600      0.54127
      0.32079      1.85994      0.28482      0.88067      0.69445
      0.32196      2.31997      0.35463      1.09926      0.86608
      0.32313      2.81442      0.42914      1.33484      1.05044
      0.32429      3.32290      0.50490      1.57815      1.23985
      0.32546      3.82191      0.57789      1.81858      1.42545
      0.32663      4.28785      0.64396      2.04558      1.59831
      0.32780      4.70048      0.69938      2.25036      1.75074
      0.32896      5.04624      0.74139      2.42731      1.87754
      0.33013      5.32047      0.76858      2.57507      1.97682
      0.33130      5.52814      0.78113      2.69670      2.05031
      0.33247      5.68252      0.78071      2.79891      2.10290
      0.33363      5.80204      0.77014      2.89044      2.14147
      0.33480      5.90588      0.75283      2.97979      2.17326
      0.33597      6.00910      0.73212      3.07285      2.20413
      0.33714      6.11861      0.71067      3.17096      2.23699
      0.33831      6.23075      0.69002      3.26982      2.27092
      0.33947      6.33125      0.67044      3.35971      2.30109
      0.34064      6.39751      0.65100      3.42689      2.31962
      0.34181      6.40297      0.62994      3.45597      2.31706
      0.34298      6.32236      0.60521      3.43279      2.28436
      0.34414      6.13688      0.57498      3.34718      2.21473
      0.34531      5.83814      0.53810      3.19499      2.10505
      0.34648      5.43011      0.49441      2.97906      1.95665
      0.34765      4.92875      0.44474      2.70887      1.77515
      0.34881      4.35961      0.39082      2.39917      1.56962
      0.34998      3.75395      0.33494      2.06778      1.35123
      0.35115      3.14435      0.27961      1.73314      1.13161
      0.35232      2.54035      0.22404      1.40247      0.91385
      0.35348      2.01513      0.17772      1.11250      0.72491
      0.35465      1.55285      0.13687      0.85681      0.55917
      0.35582      1.16212      0.10235      0.64068      0.41910
      0.35699      0.84891      0.07440      0.46759      0.30693
      0.35815      0.60548      0.05256      0.33243      0.22050
      0.35932      0.42692      0.03617      0.23263      0.15811
      0.36049      0.30518      0.02440      0.16359      0.11720
      0.36166      0.23274      0.01635      0.12091      0.09548
      0.36283      0.20928      0.01131      0.10606      0.09192
      0.36399      0.22531      0.00857      0.11139      0.10536
      0.36516      0.28461      0.00771      0.14029      0.13662
      0.36633      0.36877      0.00647      0.18324      0.17906
      0.36750      0.54607      0.00959      0.27657      0.25992
      0.36866      0.78050      0.01378      0.40507      0.36165
      0.36983      1.10037      0.01975      0.58511      0.49551
      0.37100      1.50200      0.02707      0.81659      0.65834
      0.37217      2.00395      0.03620      1.11214      0.85561
      0.37333      2.61619      0.04727      1.47915      1.08977
      0.37450      3.34633      0.06038      1.92268      1.36328
      0.37567      4.19949      0.07558      2.44472      1.67920
      0.37684      5.17852      0.09291      3.04369      2.04192
      0.37800      6.28442      0.11244      3.71426      2.45772
      0.37917      7.51665      0.13432      4.44753      2.93480
      0.38034      8.87272      0.15877      5.23139      3.48257
      0.38151     10.34703      0.18609      6.05101      4.10993
      0.38268     11.92833      0.21659      6.88919      4.82255
      0.38384     13.59646      0.25048      7.72647      5.61950
      0.38501     15.31853      0.28772      8.54101      6.48980
      0.38618     17.04582      0.32781      9.30829      7.40972
      0.38735     18.71245      0.36974     10.00097      8.34174
      0.38851     20.23901      0.41186     10.59080      9.23635
      0.38968     21.54463      0.45212     11.05280     10.03971
      0.39085     22.52142      0.48758     11.34926     10.68458
      0.39202     23.09563      0.51564     11.46075     11.11924
      0.39318     23.20927      0.53380     11.37272     11.30274
      0.39435     22.83814      0.54024     11.08332     11.21458
      0.39552     21.99928      0.53411     10.60627     10.85891
      0.39669     20.75302      0.51571      9.97203     10.26528
      0.39785     19.19908      0.48660      9.22671      9.48577
      0.39902     17.46684      0.44935      8.42859      8.58891
      0.40019     15.70134      0.40728      7.64262      7.65144
      0.40136     14.04680      0.36401      6.93351      6.74928
      0.40253     12.63647      0.32306      6.36032      5.95309
      0.40369     11.56358      0.28733      5.96338      5.31287
      0.40486     10.87194      0.25853      5.75834      4.85506
      0.40603     10.60395      0.23854      5.76774      4.59767
      0.40720     10.70717      0.22667      5.95535      4.52515
      0.40836     11.11244      0.22189      6.27992      4.61063
      0.40953     11.73430      0.22239      6.69281      4.81910
      0.41070     12.43759      0.22582      7.11014      5.10163
      0.41187     13.14992      0.23003      7.49928      5.42061
      0.41303     13.76142      0.23268      7.78979      5.73895
      0.41420     14.21008      0.23206      7.94565      6.03237
      0.41537     14.43849      0.22701      7.94647      6.26501
      0.41654     14.52701      0.21731      7.81264      6.49707
      0.41770     14.42561      0.20123      7.54339      6.68100
      0.41887     14.30966      0.18417      7.24548      6.88001
      0.42004     14.18035      0.16424      6.93549      7.08062
      0.42121     14.11670      0.14291      6.67717      7.29662
      0.42238     14.19211      0.12153      6.53420      7.53638
      0.42354     14.44731      0.10127      6.55108      7.79496
      0.42471     14.89734      0.08289      6.75794      8.05651
      0.42588     15.54174      0.06688      7.17081      8.30404
      0.42705     16.35180      0.05342      7.78222      8.51615
      0.42821     17.28433      0.04243      8.56889      8.67300
      0.42938     18.28605      0.03368      9.49253      8.75983
      0.43055     19.30141      0.02686     10.50504      8.76952
      0.43172     20.27919      0.02166     11.55384      8.70369
      0.43288     21.17762      0.01782     12.58726      8.57255
      0.43405     21.96753      0.01515     13.55901      8.39337
      0.43522     22.63299      0.01356     14.43138      8.18804
      0.43639     23.18119      0.01283     15.17822      7.99014
      0.43755     23.57260      0.01267     15.76353      7.79639
      0.43872     23.90355      0.01438     16.22364      7.66553
      0.43989     24.12231      0.01686     16.51989      7.58556
      0.44106     24.23296      0.02001     16.65113      7.56183
      0.44223     24.23133      0.02358     16.61644      7.59131
      0.44339     24.10702      0.02722     16.41537      7.66442
      0.44456     23.84815      0.03049     16.04959      7.76807
      0.44573     23.44780      0.03287     15.52545      7.88949
      0.44690     22.91029      0.03386     14.85663      8.01979
      0.44806     22.25542      0.03305     14.06587      8.15650
      0.44923     21.51919      0.03012     13.18497      8.30410
      0.45040     20.73010      0.02494     12.24870      8.45646
      0.45157     19.99012      0.01769     11.30894      8.66349
      0.45273     19.31392      0.00862     10.39878      8.90651
      0.45390     18.74197     -0.00175      9.55250      9.19122
      0.45507     18.27435     -0.01277      8.78942      9.49771
      0.45624     17.89728     -0.02372      8.11773      9.80327
      0.45740     17.50884     -0.03387      7.48998     10.05273
      0.45857     17.19555     -0.04251      6.98984     10.24822
      0.45974     16.79699     -0.04914      6.52689     10.31924
      0.46091     16.26266     -0.05341      6.07979     10.23628
      0.46207     15.56118     -0.05519      5.63030      9.98606
      0.46324     14.68872     -0.05455      5.16742      9.57586
      0.46441     13.67165     -0.05176      4.68945      9.03395
      0.46558     12.53866     -0.04715      4.18204      8.40377
      0.46675     11.42032     -0.04134      3.71332      7.74834
      0.46791     10.35379     -0.03475      3.26585      7.12270
      0.46908      9.41102     -0.02787      2.85949      6.57940
      0.47025      8.62745     -0.02113      2.49912      6.14946
      0.47142      8.05151     -0.01496      2.20962      5.85685
      0.47258      7.70881     -0.00923      2.00067      5.71738
      0.47375      7.52764     -0.00435      1.84633      5.68565
      0.47492      7.47025     -0.00034      1.74398      5.72662
      0.47609      7.47150      0.00279      1.67405      5.79466
      0.47725      7.46955      0.00510      1.62095      5.84351
      0.47842      7.41062      0.00666      1.57025      5.83371
      0.47959      7.25699      0.00756      1.51076      5.73867
      0.48076      6.99182      0.00791      1.43578      5.54812
      0.48192      6.62014      0.00783      1.34348      5.26883
      0.48309      6.16645      0.00741      1.23646      4.92257
      0.48426      5.62635      0.00697      1.10645      4.51294
      0.48543      5.15019      0.00612      0.99604      4.14802
      0.48660      4.71202      0.00528      0.89001      3.81672
      0.48776      4.35192      0.00449      0.79651      3.55092
      0.48893      4.09565      0.00379      0.72112      3.37074
      0.49010      3.95208      0.00321      0.66637      3.28250
      0.49127      3.91325      0.00276      0.63180      3.27869
      0.49243      3.96205      0.00244      0.61524      3.34437
      0.49360      4.05903      0.00221      0.61063      3.44620
      0.49477      4.17016      0.00207      0.61267      3.55542
      0.49594      4.26162      0.00200      0.61587      3.64376
      0.49710      4.30199      0.00198      0.61518      3.68484
      0.49827      4.27435      0.00200      0.60758      3.66477
      0.49944      4.17424      0.00208      0.59196      3.58020
      0.50061      4.01117      0.00224      0.56933      3.43961
      0.50177      3.78208      0.00245      0.53749      3.24214
      0.50294      3.57925      0.00285      0.51312      3.06327
      0.50411      3.39764      0.00340      0.49293      2.90131
      0.50528      3.27473      0.00415      0.48225      2.78833
      0.50645      3.24205      0.00512      0.48548      2.75145
      0.50761      3.32115      0.00631      0.50549      2.80935
      0.50878      3.52067      0.00769      0.54315      2.96982
      0.50995      3.83485      0.00923      0.59718      3.22845
      0.51112      4.24366      0.01083      0.66410      3.56873
      0.51228      4.71455      0.01242      0.73862      3.96351
      0.51345      5.20572      0.01387      0.81412      4.37774
      0.51462      5.67064      0.01507      0.88341      4.77216
      0.51579      6.06311      0.01593      0.93955      5.10763
      0.51695      6.34244      0.01636      0.97661      5.34946
      0.51812      6.48025      0.01634      0.99043      5.47348
      0.51929      6.45670      0.01585      0.97897      5.46187
      0.52046      6.25557      0.01494      0.94040      5.30023
      0.52162      5.93111      0.01368      0.88266      5.03477
      0.52279      5.49153      0.01372      0.81037      4.66744
      0.52396      4.96361      0.01341      0.72464      4.22556
      0.52513      4.39766      0.01405      0.63474      3.74887
      0.52630      3.84315      0.01638      0.54814      3.27863
      0.52746      3.34916      0.02138      0.47240      2.85538
      0.52863      2.96287      0.03039      0.41494      2.51754
      0.52980      2.72829      0.04517      0.38308      2.30003
      0.53097      2.68544      0.06792      0.38416      2.23337
      0.53213      2.86958      0.10125      0.42548      2.34286
      0.53330      3.30983      0.14804      0.51421      2.64757
      0.53447      4.02676      0.21118      0.65691      3.15867
      0.53564      5.02900      0.29315      0.85864      3.87722
      0.53680      6.31827      0.39591      1.12546      4.79689
      0.53797      7.86056      0.51908      1.45166      5.88982
      0.53914      9.60462      0.66103      1.83294      7.11065
      0.54031     11.46629      0.81754      2.25517      8.39358
      0.54147     13.38682      0.98216      2.70669      9.69797
      0.54264     15.23595      1.14614      3.16133     10.92848
      0.54381     16.89915      1.29946      3.59515     12.00454
      0.54498     18.29663      1.43179      3.98421     12.88063
      0.54614     19.34212      1.53373      4.30716     13.50123
      0.54731     19.99206      1.59810      4.54990     13.84406
      0.54848     20.25101      1.62094      4.70778     13.92229
      0.54965     20.16978      1.60202      4.78701     13.78076
      0.55082     19.82358      1.54488      4.80028     13.47842
      0.55198     19.32200      1.45622      4.76901     13.09678
      0.55315     18.77974      1.34481      4.71695     12.71797
      0.55432     18.30226      1.22026      4.66674     12.41526
      0.55549     17.97080      1.09163      4.63620     12.24296
      0.55665     17.83224      0.96646      4.63567     12.23012
      0.55782     17.89549      0.85002      4.66689     12.37858
      0.55899     18.13449      0.74520      4.72361     12.66568
      0.56016     18.49647      0.65273      4.79341     13.05033
      0.56132     18.91341      0.57168      4.86051     13.48121
      0.56249     19.31385      0.50022      4.90869     13.90495
      0.56366     19.63292      0.43624      4.92378     14.27290
      0.56483     19.81888      0.37790      4.89546     14.54552
      0.56599     19.82301      0.32394      4.81787     14.68120
