#     PDOS  shell 5 (p) of atom 1 mg  (Mulliken)
#     E - Ef       total
# Ef =         0.3840051700
     -0.83401      0.00000
     -0.83284      0.00000
     -0.83167      0.00000
     -0.83050      0.00000
     -0.82933      0.00000
     -0.82817      0.00000
     -0.82700      0.00000
     -0.82583      0.00000
     -0.82466      0.00000
     -0.82350      0.00000
     -0.82233      0.00000
     -0.82116      0.00000
     -0.81999      0.00000
     -0.81883      0.00000
     -0.81766      0.00000
     -0.81649      0.00000
     -0.81532      0.00000
     -0.81416      0.00000
     -0.81299      0.00000
     -0.81182      0.00000
     -0.81065      0.00000
     -0.80948      0.00000
     -0.80832      0.00000
     -0.80715      0.00000
     -0.80598      0.00000
     -0.80481      0.00000
     -0.80365      0.00000
     -0.80248      0.00000
     -0.80131      0.00000
     -0.80014      0.00000
     -0.79898      0.00000
     -0.79781      0.00000
     -0.79664      0.00000
     -0.79547      0.00000
     -0.79431      0.00000
     -0.79314      0.00000
     -0.79197      0.00000
     -0.79080      0.00000
     -0.78963      0.00000
     -0.78847      0.00000
     -0.78730      0.00000
     -0.78613      0.00000
     -0.78496      0.00000
     -0.78380      0.00000
     -0.78263      0.00000
     -0.78146      0.00000
     -0.78029      0.00000
     -0.77913      0.00000
     -0.77796      0.00000
     -0.77679      0.00000
     -0.77562      0.00000
     -0.77446      0.00000
     -0.77329      0.00000
     -0.77212      0.00000
     -0.77095      0.00000
     -0.76978      0.00000
     -0.76862      0.00000
     -0.76745      0.00000
     -0.76628      0.00000
     -0.76511      0.00000
     -0.76395      0.00000
     -0.76278      0.00000
     -0.76161      0.00000
     -0.76044      0.00000
     -0.75928      0.00000
     -0.75811      0.00000
     -0.75694      0.00000
     -0.75577      0.00000
     -0.75461      0.00000
     -0.75344      0.00000
     -0.75227      0.00000
     -0.75110      0.00000
     -0.74994      0.00000
     -0.74877      0.00000
     -0.74760      0.00000
     -0.74643      0.00000
     -0.74526      0.00000
     -0.74410      0.00000
     -0.74293      0.00000
     -0.74176      0.00000
     -0.74059      0.00000
     -0.73943      0.00000
     -0.73826     -0.00000
     -0.73709     -0.00000
     -0.73592     -0.00000
     -0.73476     -0.00000
     -0.73359     -0.00000
     -0.73242     -0.00000
     -0.73125      0.00000
     -0.73009      0.00000
     -0.72892      0.00001
     -0.72775      0.00001
     -0.72658      0.00002
     -0.72541      0.00003
     -0.72425      0.00005
     -0.72308      0.00007
     -0.72191      0.00011
     -0.72074      0.00016
     -0.71958      0.00022
     -0.71841      0.00030
     -0.71724      0.00041
     -0.71607      0.00054
     -0.71491      0.00069
     -0.71374      0.00086
     -0.71257      0.00105
     -0.71140      0.00126
     -0.71024      0.00148
     -0.70907      0.00174
     -0.70790      0.00203
     -0.70673      0.00237
     -0.70556      0.00278
     -0.70440      0.00331
     -0.70323      0.00394
     -0.70206      0.00472
     -0.70089      0.00564
     -0.69973      0.00671
     -0.69856      0.00790
     -0.69739      0.00920
     -0.69622      0.01056
     -0.69506      0.01194
     -0.69389      0.01330
     -0.69272      0.01460
     -0.69155      0.01586
     -0.69039      0.01707
     -0.68922      0.01826
     -0.68805      0.01951
     -0.68688      0.02081
     -0.68571      0.02226
     -0.68455      0.02384
     -0.68338      0.02558
     -0.68221      0.02751
     -0.68104      0.02965
     -0.67988      0.03199
     -0.67871      0.03458
     -0.67754      0.03750
     -0.67637      0.04075
     -0.67521      0.04444
     -0.67404      0.04862
     -0.67287      0.05331
     -0.67170      0.05852
     -0.67054      0.06417
     -0.66937      0.07013
     -0.66820      0.07619
     -0.66703      0.08219
     -0.66587      0.08778
     -0.66470      0.09268
     -0.66353      0.09662
     -0.66236      0.09935
     -0.66119      0.10070
     -0.66003      0.10056
     -0.65886      0.09889
     -0.65769      0.09573
     -0.65652      0.09114
     -0.65536      0.08544
     -0.65419      0.07875
     -0.65302      0.07132
     -0.65185      0.06343
     -0.65069      0.05536
     -0.64952      0.04737
     -0.64835      0.03967
     -0.64718      0.03251
     -0.64602      0.02611
     -0.64485      0.02049
     -0.64368      0.01569
     -0.64251      0.01173
     -0.64134      0.00855
     -0.64018      0.00595
     -0.63901      0.00414
     -0.63784      0.00272
     -0.63667      0.00180
     -0.63551      0.00115
     -0.63434      0.00072
     -0.63317      0.00037
     -0.63200      0.00020
     -0.63084      0.00012
     -0.62967      0.00000
     -0.62850      0.00000
     -0.62733      0.00000
     -0.62617      0.00000
     -0.62500      0.00000
     -0.62383      0.00000
     -0.62266      0.00000
     -0.62149      0.00000
     -0.62033      0.00000
     -0.61916      0.00000
     -0.61799      0.00000
     -0.61682      0.00000
     -0.61566      0.00000
     -0.61449      0.00000
     -0.61332      0.00000
     -0.61215      0.00000
     -0.61099      0.00000
     -0.60982      0.00000
     -0.60865      0.00000
     -0.60748      0.00000
     -0.60632      0.00000
     -0.60515      0.00000
     -0.60398      0.00000
     -0.60281      0.00000
     -0.60164      0.00000
     -0.60048      0.00000
     -0.59931      0.00000
     -0.59814      0.00000
     -0.59697      0.00000
     -0.59581      0.00000
     -0.59464      0.00000
     -0.59347      0.00000
     -0.59230      0.00000
     -0.59114      0.00000
     -0.58997      0.00000
     -0.58880      0.00000
     -0.58763      0.00000
     -0.58647      0.00000
     -0.58530      0.00000
     -0.58413      0.00000
     -0.58296      0.00000
     -0.58179      0.00000
     -0.58063      0.00000
     -0.57946      0.00000
     -0.57829      0.00000
     -0.57712      0.00000
     -0.57596      0.00000
     -0.57479      0.00000
     -0.57362      0.00000
     -0.57245      0.00000
     -0.57129      0.00000
     -0.57012      0.00000
     -0.56895      0.00000
     -0.56778      0.00000
     -0.56662      0.00000
     -0.56545      0.00000
     -0.56428      0.00000
     -0.56311      0.00000
     -0.56195      0.00000
     -0.56078      0.00000
     -0.55961      0.00000
     -0.55844      0.00000
     -0.55727      0.00000
     -0.55611      0.00000
     -0.55494      0.00000
     -0.55377      0.00000
     -0.55260      0.00000
     -0.55144      0.00000
     -0.55027      0.00000
     -0.54910      0.00000
     -0.54793      0.00000
     -0.54677      0.00000
     -0.54560      0.00000
     -0.54443      0.00000
     -0.54326      0.00000
     -0.54210      0.00000
     -0.54093      0.00000
     -0.53976      0.00000
     -0.53859      0.00000
     -0.53742      0.00000
     -0.53626      0.00000
     -0.53509      0.00000
     -0.53392      0.00000
     -0.53275      0.00000
     -0.53159      0.00000
     -0.53042      0.00000
     -0.52925      0.00000
     -0.52808      0.00000
     -0.52692      0.00000
     -0.52575      0.00000
     -0.52458      0.00000
     -0.52341      0.00000
     -0.52225      0.00000
     -0.52108      0.00000
     -0.51991      0.00000
     -0.51874      0.00000
     -0.51757      0.00000
     -0.51641      0.00000
     -0.51524      0.00000
     -0.51407      0.00000
     -0.51290      0.00000
     -0.51174      0.00000
     -0.51057      0.00000
     -0.50940      0.00000
     -0.50823      0.00000
     -0.50707      0.00000
     -0.50590      0.00000
     -0.50473      0.00000
     -0.50356      0.00000
     -0.50240      0.00000
     -0.50123      0.00000
     -0.50006      0.00000
     -0.49889      0.00000
     -0.49772      0.00000
     -0.49656      0.00000
     -0.49539      0.00000
     -0.49422      0.00000
     -0.49305      0.00000
     -0.49189      0.00000
     -0.49072      0.00000
     -0.48955      0.00000
     -0.48838      0.00000
     -0.48722      0.00000
     -0.48605      0.00000
     -0.48488      0.00000
     -0.48371      0.00000
     -0.48255      0.00000
     -0.48138      0.00000
     -0.48021      0.00000
     -0.47904      0.00000
     -0.47788      0.00000
     -0.47671      0.00000
     -0.47554      0.00000
     -0.47437      0.00000
     -0.47320      0.00000
     -0.47204      0.00000
     -0.47087      0.00000
     -0.46970      0.00000
     -0.46853      0.00000
     -0.46737      0.00000
     -0.46620      0.00000
     -0.46503      0.00000
     -0.46386      0.00000
     -0.46270      0.00000
     -0.46153      0.00000
     -0.46036      0.00000
     -0.45919      0.00000
     -0.45803      0.00000
     -0.45686      0.00000
     -0.45569      0.00000
     -0.45452      0.00000
     -0.45335      0.00000
     -0.45219      0.00000
     -0.45102      0.00000
     -0.44985      0.00000
     -0.44868      0.00000
     -0.44752      0.00000
     -0.44635      0.00000
     -0.44518      0.00000
     -0.44401      0.00000
     -0.44285      0.00000
     -0.44168      0.00000
     -0.44051      0.00000
     -0.43934      0.00000
     -0.43818      0.00000
     -0.43701      0.00000
     -0.43584      0.00000
     -0.43467      0.00000
     -0.43350      0.00000
     -0.43234      0.00000
     -0.43117      0.00000
     -0.43000      0.00000
     -0.42883      0.00000
     -0.42767      0.00000
     -0.42650      0.00000
     -0.42533      0.00000
     -0.42416      0.00000
     -0.42300      0.00000
     -0.42183      0.00000
     -0.42066      0.00000
     -0.41949      0.00000
     -0.41833      0.00000
     -0.41716      0.00000
     -0.41599      0.00000
     -0.41482      0.00000
     -0.41365      0.00000
     -0.41249      0.00000
     -0.41132      0.00000
     -0.41015      0.00000
     -0.40898      0.00000
     -0.40782      0.00000
     -0.40665      0.00000
     -0.40548      0.00000
     -0.40431      0.00000
     -0.40315      0.00000
     -0.40198      0.00000
     -0.40081      0.00000
     -0.39964      0.00000
     -0.39848      0.00000
     -0.39731      0.00000
     -0.39614      0.00000
     -0.39497      0.00000
     -0.39381      0.00000
     -0.39264      0.00000
     -0.39147      0.00000
     -0.39030      0.00000
     -0.38913      0.00000
     -0.38797      0.00000
     -0.38680      0.00000
     -0.38563      0.00000
     -0.38446      0.00000
     -0.38330      0.00000
     -0.38213      0.00000
     -0.38096      0.00000
     -0.37979      0.00000
     -0.37863      0.00000
     -0.37746      0.00000
     -0.37629      0.00000
     -0.37512      0.00000
     -0.37396      0.00000
     -0.37279      0.00000
     -0.37162      0.00000
     -0.37045      0.00000
     -0.36928      0.00000
     -0.36812      0.00000
     -0.36695      0.00000
     -0.36578      0.00000
     -0.36461      0.00000
     -0.36345      0.00000
     -0.36228      0.00000
     -0.36111      0.00000
     -0.35994      0.00000
     -0.35878      0.00000
     -0.35761      0.00000
     -0.35644      0.00000
     -0.35527      0.00000
     -0.35411      0.00000
     -0.35294      0.00000
     -0.35177      0.00000
     -0.35060      0.00000
     -0.34943      0.00000
     -0.34827      0.00000
     -0.34710      0.00000
     -0.34593      0.00000
     -0.34476      0.00000
     -0.34360      0.00000
     -0.34243      0.00000
     -0.34126      0.00000
     -0.34009      0.00000
     -0.33893      0.00000
     -0.33776      0.00000
     -0.33659      0.00000
     -0.33542      0.00000
     -0.33426      0.00000
     -0.33309      0.00000
     -0.33192      0.00000
     -0.33075      0.00000
     -0.32958      0.00000
     -0.32842      0.00000
     -0.32725      0.00000
     -0.32608      0.00000
     -0.32491      0.00000
     -0.32375      0.00000
     -0.32258      0.00000
     -0.32141      0.00000
     -0.32024      0.00000
     -0.31908      0.00000
     -0.31791      0.00000
     -0.31674      0.00000
     -0.31557      0.00000
     -0.31441      0.00000
     -0.31324      0.00000
     -0.31207      0.00000
     -0.31090      0.00000
     -0.30973      0.00000
     -0.30857      0.00000
     -0.30740      0.00000
     -0.30623      0.00000
     -0.30506      0.00000
     -0.30390      0.00000
     -0.30273      0.00000
     -0.30156      0.00000
     -0.30039      0.00000
     -0.29923      0.00000
     -0.29806      0.00000
     -0.29689      0.00000
     -0.29572      0.00000
     -0.29456      0.00000
     -0.29339      0.00000
     -0.29222      0.00000
     -0.29105      0.00000
     -0.28989      0.00000
     -0.28872      0.00000
     -0.28755      0.00000
     -0.28638      0.00000
     -0.28521      0.00000
     -0.28405      0.00000
     -0.28288      0.00000
     -0.28171      0.00000
     -0.28054      0.00000
     -0.27938      0.00000
     -0.27821      0.00000
     -0.27704      0.00000
     -0.27587      0.00001
     -0.27471      0.00001
     -0.27354      0.00002
     -0.27237      0.00004
     -0.27120      0.00007
     -0.27004      0.00011
     -0.26887      0.00017
     -0.26770      0.00025
     -0.26653      0.00038
     -0.26536      0.00055
     -0.26420      0.00077
     -0.26303      0.00105
     -0.26186      0.00139
     -0.26069      0.00179
     -0.25953      0.00225
     -0.25836      0.00281
     -0.25719      0.00340
     -0.25602      0.00405
     -0.25486      0.00476
     -0.25369      0.00553
     -0.25252      0.00641
     -0.25135      0.00743
     -0.25019      0.00865
     -0.24902      0.01014
     -0.24785      0.01200
     -0.24668      0.01429
     -0.24551      0.01716
     -0.24435      0.02059
     -0.24318      0.02462
     -0.24201      0.02923
     -0.24084      0.03437
     -0.23968      0.03990
     -0.23851      0.04566
     -0.23734      0.05147
     -0.23617      0.05713
     -0.23501      0.06246
     -0.23384      0.06734
     -0.23267      0.07166
     -0.23150      0.07540
     -0.23034      0.07857
     -0.22917      0.08120
     -0.22800      0.08337
     -0.22683      0.08508
     -0.22566      0.08631
     -0.22450      0.08698
     -0.22333      0.08698
     -0.22216      0.08615
     -0.22099      0.08436
     -0.21983      0.08150
     -0.21866      0.07752
     -0.21749      0.07250
     -0.21632      0.06657
     -0.21516      0.05992
     -0.21399      0.05285
     -0.21282      0.04564
     -0.21165      0.03858
     -0.21049      0.03182
     -0.20932      0.02581
     -0.20815      0.02053
     -0.20698      0.01596
     -0.20582      0.01225
     -0.20465      0.00926
     -0.20348      0.00707
     -0.20231      0.00552
     -0.20114      0.00459
     -0.19998      0.00426
     -0.19881      0.00454
     -0.19764      0.00523
     -0.19647      0.00694
     -0.19531      0.00936
     -0.19414      0.01257
     -0.19297      0.01654
     -0.19180      0.02141
     -0.19064      0.02700
     -0.18947      0.03313
     -0.18830      0.03957
     -0.18713      0.04597
     -0.18597      0.05197
     -0.18480      0.05717
     -0.18363      0.06121
     -0.18246      0.06379
     -0.18129      0.06472
     -0.18013      0.06398
     -0.17896      0.06160
     -0.17779      0.05780
     -0.17662      0.05292
     -0.17546      0.04733
     -0.17429      0.04146
     -0.17312      0.03574
     -0.17195      0.03055
     -0.17079      0.02621
     -0.16962      0.02298
     -0.16845      0.02105
     -0.16728      0.02052
     -0.16612      0.02138
     -0.16495      0.02357
     -0.16378      0.02694
     -0.16261      0.03124
     -0.16144      0.03617
     -0.16028      0.04117
     -0.15911      0.04634
     -0.15794      0.05099
     -0.15677      0.05485
     -0.15561      0.05765
     -0.15444      0.05948
     -0.15327      0.06030
     -0.15210      0.06026
     -0.15094      0.05964
     -0.14977      0.05876
     -0.14860      0.05790
     -0.14743      0.05732
     -0.14627      0.05719
     -0.14510      0.05757
     -0.14393      0.05843
     -0.14276      0.05966
     -0.14159      0.06111
     -0.14043      0.06258
     -0.13926      0.06394
     -0.13809      0.06505
     -0.13692      0.06583
     -0.13576      0.06626
     -0.13459      0.06630
     -0.13342      0.06597
     -0.13225      0.06507
     -0.13109      0.06406
     -0.12992      0.06260
     -0.12875      0.06069
     -0.12758      0.05831
     -0.12642      0.05546
     -0.12525      0.05221
     -0.12408      0.04862
     -0.12291      0.04483
     -0.12174      0.04099
     -0.12058      0.03720
     -0.11941      0.03375
     -0.11824      0.03069
     -0.11707      0.02807
     -0.11591      0.02584
     -0.11474      0.02411
     -0.11357      0.02264
     -0.11240      0.02147
     -0.11124      0.02037
     -0.11007      0.01931
     -0.10890      0.01818
     -0.10773      0.01695
     -0.10657      0.01563
     -0.10540      0.01415
     -0.10423      0.01280
     -0.10306      0.01147
     -0.10190      0.01022
     -0.10073      0.00915
     -0.09956      0.00820
     -0.09839      0.00738
     -0.09722      0.00666
     -0.09606      0.00603
     -0.09489      0.00546
     -0.09372      0.00491
     -0.09255      0.00438
     -0.09139      0.00385
     -0.09022      0.00332
     -0.08905      0.00281
     -0.08788      0.00226
     -0.08672      0.00184
     -0.08555      0.00146
     -0.08438      0.00113
     -0.08321      0.00085
     -0.08205      0.00062
     -0.08088      0.00044
     -0.07971      0.00030
     -0.07854      0.00020
     -0.07737      0.00013
     -0.07621      0.00009
     -0.07504      0.00005
     -0.07387      0.00002
     -0.07270      0.00001
     -0.07154      0.00001
     -0.07037      0.00000
     -0.06920      0.00000
     -0.06803      0.00000
     -0.06687      0.00000
     -0.06570      0.00000
     -0.06453      0.00000
     -0.06336      0.00000
     -0.06220      0.00000
     -0.06103      0.00000
     -0.05986      0.00000
     -0.05869      0.00000
     -0.05752      0.00000
     -0.05636      0.00000
     -0.05519      0.00000
     -0.05402      0.00000
     -0.05285      0.00000
     -0.05169      0.00000
     -0.05052      0.00000
     -0.04935      0.00000
     -0.04818      0.00000
     -0.04702      0.00000
     -0.04585      0.00000
     -0.04468      0.00000
     -0.04351      0.00000
     -0.04235      0.00000
     -0.04118      0.00000
     -0.04001      0.00000
     -0.03884      0.00000
     -0.03767      0.00000
     -0.03651      0.00000
     -0.03534      0.00000
     -0.03417      0.00000
     -0.03300      0.00000
     -0.03184      0.00000
     -0.03067      0.00000
     -0.02950      0.00000
     -0.02833      0.00000
     -0.02717      0.00000
     -0.02600      0.00000
     -0.02483      0.00000
     -0.02366      0.00000
     -0.02250      0.00000
     -0.02133      0.00000
     -0.02016      0.00000
     -0.01899      0.00000
     -0.01783      0.00000
     -0.01666      0.00000
     -0.01549      0.00000
     -0.01432      0.00000
     -0.01315      0.00000
     -0.01199      0.00000
     -0.01082      0.00000
     -0.00965      0.00000
     -0.00848      0.00000
     -0.00732      0.00000
     -0.00615      0.00000
     -0.00498      0.00000
     -0.00381      0.00000
     -0.00265      0.00000
     -0.00148      0.00000
     -0.00031      0.00000
      0.00086      0.00000
      0.00202      0.00000
      0.00319      0.00000
      0.00436      0.00000
      0.00553      0.00000
      0.00670      0.00000
      0.00786      0.00000
      0.00903      0.00000
      0.01020      0.00000
      0.01137      0.00000
      0.01253      0.00000
      0.01370      0.00000
      0.01487      0.00000
      0.01604      0.00000
      0.01720      0.00000
      0.01837      0.00000
      0.01954      0.00000
      0.02071      0.00000
      0.02187      0.00000
      0.02304      0.00000
      0.02421      0.00000
      0.02538      0.00000
      0.02655      0.00000
      0.02771      0.00000
      0.02888      0.00000
      0.03005      0.00000
      0.03122      0.00000
      0.03238      0.00000
      0.03355      0.00000
      0.03472      0.00000
      0.03589      0.00000
      0.03705      0.00000
      0.03822      0.00000
      0.03939      0.00000
      0.04056      0.00000
      0.04172      0.00000
      0.04289      0.00000
      0.04406      0.00000
      0.04523      0.00000
      0.04640      0.00000
      0.04756      0.00000
      0.04873      0.00000
      0.04990      0.00000
      0.05107      0.00000
      0.05223      0.00000
      0.05340      0.00000
      0.05457      0.00000
      0.05574      0.00000
      0.05690      0.00000
      0.05807      0.00000
      0.05924      0.00000
      0.06041      0.00000
      0.06157      0.00000
      0.06274      0.00000
      0.06391      0.00000
      0.06508      0.00000
      0.06625      0.00000
      0.06741     -0.00000
      0.06858     -0.00000
      0.06975     -0.00000
      0.07092     -0.00000
      0.07208     -0.00000
      0.07325     -0.00000
      0.07442     -0.00000
      0.07559     -0.00000
      0.07675     -0.00000
      0.07792     -0.00000
      0.07909     -0.00000
      0.08026     -0.00000
      0.08142     -0.00000
      0.08259     -0.00000
      0.08376     -0.00000
      0.08493     -0.00000
      0.08609     -0.00000
      0.08726     -0.00000
      0.08843     -0.00000
      0.08960     -0.00000
      0.09077     -0.00000
      0.09193     -0.00000
      0.09310     -0.00000
      0.09427     -0.00000
      0.09544     -0.00000
      0.09660     -0.00000
      0.09777     -0.00000
      0.09894     -0.00000
      0.10011      0.00000
      0.10127      0.00000
      0.10244      0.00001
      0.10361      0.00001
      0.10478      0.00002
      0.10594      0.00003
      0.10711      0.00005
      0.10828      0.00007
      0.10945      0.00011
      0.11062      0.00015
      0.11178      0.00022
      0.11295      0.00030
      0.11412      0.00039
      0.11529      0.00051
      0.11645      0.00064
      0.11762      0.00078
      0.11879      0.00092
      0.11996      0.00105
      0.12112      0.00117
      0.12229      0.00127
      0.12346      0.00133
      0.12463      0.00136
      0.12579      0.00135
      0.12696      0.00129
      0.12813      0.00121
      0.12930      0.00109
      0.13047      0.00096
      0.13163      0.00082
      0.13280      0.00068
      0.13397      0.00055
      0.13514      0.00043
      0.13630      0.00032
      0.13747      0.00024
      0.13864      0.00017
      0.13981      0.00012
      0.14097      0.00008
      0.14214      0.00005
      0.14331      0.00003
      0.14448      0.00002
      0.14564      0.00001
      0.14681      0.00001
      0.14798      0.00000
      0.14915      0.00000
      0.15032      0.00000
      0.15148      0.00000
      0.15265      0.00000
      0.15382      0.00000
      0.15499      0.00000
      0.15615      0.00000
      0.15732      0.00000
      0.15849      0.00001
      0.15966      0.00002
      0.16082      0.00004
      0.16199      0.00006
      0.16316      0.00010
      0.16433      0.00017
      0.16549      0.00027
      0.16666      0.00041
      0.16783      0.00061
      0.16900      0.00088
      0.17016      0.00124
      0.17133      0.00169
      0.17250      0.00225
      0.17367      0.00289
      0.17484      0.00361
      0.17600      0.00437
      0.17717      0.00515
      0.17834      0.00588
      0.17951      0.00653
      0.18067      0.00703
      0.18184      0.00736
      0.18301      0.00747
      0.18418      0.00737
      0.18534      0.00705
      0.18651      0.00655
      0.18768      0.00591
      0.18885      0.00518
      0.19001      0.00441
      0.19118      0.00364
      0.19235      0.00292
      0.19352      0.00229
      0.19469      0.00176
      0.19585      0.00133
      0.19702      0.00102
      0.19819      0.00083
      0.19936      0.00076
      0.20052      0.00081
      0.20169      0.00102
      0.20286      0.00137
      0.20403      0.00191
      0.20519      0.00265
      0.20636      0.00359
      0.20753      0.00480
      0.20870      0.00625
      0.20986      0.00790
      0.21103      0.00973
      0.21220      0.01167
      0.21337      0.01364
      0.21454      0.01554
      0.21570      0.01728
      0.21687      0.01877
      0.21804      0.01994
      0.21921      0.02073
      0.22037      0.02112
      0.22154      0.02111
      0.22271      0.02071
      0.22388      0.01997
      0.22504      0.01893
      0.22621      0.01764
      0.22738      0.01617
      0.22855      0.01455
      0.22971      0.01287
      0.23088      0.01116
      0.23205      0.00949
      0.23322      0.00791
      0.23439      0.00645
      0.23555      0.00514
      0.23672      0.00402
      0.23789      0.00309
      0.23906      0.00236
      0.24022      0.00181
      0.24139      0.00140
      0.24256      0.00122
      0.24373      0.00118
      0.24489      0.00128
      0.24606      0.00149
      0.24723      0.00181
      0.24840      0.00221
      0.24956      0.00268
      0.25073      0.00324
      0.25190      0.00381
      0.25307      0.00439
      0.25424      0.00496
      0.25540      0.00554
      0.25657      0.00614
      0.25774      0.00680
      0.25891      0.00759
      0.26007      0.00862
      0.26124      0.00993
      0.26241      0.01162
      0.26358      0.01375
      0.26474      0.01637
      0.26591      0.01944
      0.26708      0.02290
      0.26825      0.02664
      0.26941      0.03050
      0.27058      0.03431
      0.27175      0.03789
      0.27292      0.04110
      0.27408      0.04383
      0.27525      0.04601
      0.27642      0.04763
      0.27759      0.04869
      0.27876      0.04923
      0.27992      0.04924
      0.28109      0.04880
      0.28226      0.04786
      0.28343      0.04641
      0.28459      0.04444
      0.28576      0.04195
      0.28693      0.03898
      0.28810      0.03560
      0.28926      0.03191
      0.29043      0.02805
      0.29160      0.02417
      0.29277      0.02040
      0.29393      0.01688
      0.29510      0.01369
      0.29627      0.01089
      0.29744      0.00841
      0.29861      0.00647
      0.29977      0.00489
      0.30094      0.00364
      0.30211      0.00266
      0.30328      0.00192
      0.30444      0.00138
      0.30561      0.00099
      0.30678      0.00073
      0.30795      0.00047
      0.30911      0.00047
      0.31028      0.00056
      0.31145      0.00076
      0.31262      0.00110
      0.31378      0.00163
      0.31495      0.00237
      0.31612      0.00340
      0.31729      0.00473
      0.31846      0.00643
      0.31962      0.00849
      0.32079      0.01087
      0.32196      0.01352
      0.32313      0.01635
      0.32429      0.01921
      0.32546      0.02194
      0.32663      0.02438
      0.32780      0.02637
      0.32896      0.02781
      0.33013      0.02862
      0.33130      0.02880
      0.33247      0.02841
      0.33363      0.02756
      0.33480      0.02638
      0.33597      0.02503
      0.33714      0.02362
      0.33831      0.02224
      0.33947      0.02095
      0.34064      0.01975
      0.34181      0.01861
      0.34298      0.01747
      0.34414      0.01629
      0.34531      0.01502
      0.34648      0.01365
      0.34765      0.01217
      0.34881      0.01063
      0.34998      0.00907
      0.35115      0.00754
      0.35232      0.00599
      0.35348      0.00475
      0.35465      0.00366
      0.35582      0.00274
      0.35699      0.00199
      0.35815      0.00141
      0.35932      0.00098
      0.36049      0.00067
      0.36166      0.00046
      0.36283      0.00035
      0.36399      0.00030
      0.36516      0.00032
      0.36633      0.00034
      0.36750      0.00051
      0.36866      0.00074
      0.36983      0.00106
      0.37100      0.00146
      0.37217      0.00196
      0.37333      0.00257
      0.37450      0.00331
      0.37567      0.00419
      0.37684      0.00521
      0.37800      0.00638
      0.37917      0.00773
      0.38034      0.00928
      0.38151      0.01105
      0.38268      0.01307
      0.38384      0.01534
      0.38501      0.01785
      0.38618      0.02056
      0.38735      0.02339
      0.38851      0.02622
      0.38968      0.02892
      0.39085      0.03128
      0.39202      0.03314
      0.39318      0.03434
      0.39435      0.03479
      0.39552      0.03444
      0.39669      0.03336
      0.39785      0.03166
      0.39902      0.02955
      0.40019      0.02727
      0.40136      0.02508
      0.40253      0.02322
      0.40369      0.02189
      0.40486      0.02120
      0.40603      0.02121
      0.40720      0.02186
      0.40836      0.02301
      0.40953      0.02450
      0.41070      0.02606
      0.41187      0.02750
      0.41303      0.02862
      0.41420      0.02927
      0.41537      0.02939
      0.41654      0.02903
      0.41770      0.02820
      0.41887      0.02730
      0.42004      0.02638
      0.42121      0.02568
      0.42238      0.02544
      0.42354      0.02582
      0.42471      0.02693
      0.42588      0.02882
      0.42705      0.03147
      0.42821      0.03477
      0.42938      0.03859
      0.43055      0.04273
      0.43172      0.04700
      0.43288      0.05121
      0.43405      0.05518
      0.43522      0.05880
      0.43639      0.06206
      0.43755      0.06472
      0.43872      0.06700
      0.43989      0.06878
      0.44106      0.07007
      0.44223      0.07090
      0.44339      0.07129
      0.44456      0.07129
      0.44573      0.07099
      0.44690      0.07050
      0.44806      0.07000
      0.44923      0.06968
      0.45040      0.06973
      0.45157      0.07035
      0.45273      0.07160
      0.45390      0.07346
      0.45507      0.07577
      0.45624      0.07826
      0.45740      0.08036
      0.45857      0.08205
      0.45974      0.08264
      0.46091      0.08182
      0.46207      0.07941
      0.46324      0.07539
      0.46441      0.06994
      0.46558      0.06328
      0.46675      0.05603
      0.46791      0.04851
      0.46908      0.04119
      0.47025      0.03435
      0.47142      0.02839
      0.47258      0.02346
      0.47375      0.01949
      0.47492      0.01645
      0.47609      0.01420
      0.47725      0.01259
      0.47842      0.01147
      0.47959      0.01071
      0.48076      0.01025
      0.48192      0.01004
      0.48309      0.01011
      0.48426      0.01027
      0.48543      0.01115
      0.48660      0.01242
      0.48776      0.01413
      0.48893      0.01627
      0.49010      0.01878
      0.49127      0.02152
      0.49243      0.02434
      0.49360      0.02699
      0.49477      0.02926
      0.49594      0.03097
      0.49710      0.03194
      0.49827      0.03211
      0.49944      0.03150
      0.50061      0.03019
      0.50177      0.02835
      0.50294      0.02628
      0.50411      0.02418
      0.50528      0.02232
      0.50645      0.02088
      0.50761      0.02003
      0.50878      0.01982
      0.50995      0.02021
      0.51112      0.02111
      0.51228      0.02233
      0.51345      0.02366
      0.51462      0.02487
      0.51579      0.02576
      0.51695      0.02615
      0.51812      0.02595
      0.51929      0.02511
      0.52046      0.02356
      0.52162      0.02170
      0.52279      0.01957
      0.52396      0.01726
      0.52513      0.01505
      0.52630      0.01315
      0.52746      0.01179
      0.52863      0.01121
      0.52980      0.01161
      0.53097      0.01323
      0.53213      0.01626
      0.53330      0.02091
      0.53447      0.02732
      0.53564      0.03558
      0.53680      0.04573
      0.53797      0.05749
      0.53914      0.07057
      0.54031      0.08438
      0.54147      0.09843
      0.54264      0.11182
      0.54381      0.12379
      0.54498      0.13358
      0.54614      0.14065
      0.54731      0.14467
      0.54848      0.14565
      0.54965      0.14390
      0.55082      0.13999
      0.55198      0.13469
      0.55315      0.12884
      0.55432      0.12323
      0.55549      0.11851
      0.55665      0.11510
      0.55782      0.11319
      0.55899      0.11271
      0.56016      0.11338
      0.56132      0.11480
      0.56249      0.11651
      0.56366      0.11804
      0.56483      0.11897
      0.56599      0.11885
