#     PDOS  shell 7 (d) of atom 1 mg  (Mulliken)
#     E - Ef       total
# Ef =         0.3840051700
     -0.83401      0.00000
     -0.83284      0.00000
     -0.83167      0.00000
     -0.83050      0.00000
     -0.82933      0.00000
     -0.82817      0.00000
     -0.82700      0.00000
     -0.82583      0.00000
     -0.82466      0.00000
     -0.82350      0.00000
     -0.82233      0.00000
     -0.82116      0.00000
     -0.81999      0.00000
     -0.81883      0.00000
     -0.81766      0.00000
     -0.81649      0.00000
     -0.81532      0.00000
     -0.81416      0.00000
     -0.81299      0.00000
     -0.81182      0.00000
     -0.81065      0.00000
     -0.80948      0.00000
     -0.80832      0.00000
     -0.80715      0.00000
     -0.80598      0.00000
     -0.80481      0.00000
     -0.80365      0.00000
     -0.80248      0.00000
     -0.80131      0.00000
     -0.80014      0.00000
     -0.79898      0.00000
     -0.79781      0.00000
     -0.79664      0.00000
     -0.79547      0.00000
     -0.79431      0.00000
     -0.79314      0.00000
     -0.79197      0.00000
     -0.79080      0.00000
     -0.78963      0.00000
     -0.78847      0.00000
     -0.78730      0.00000
     -0.78613      0.00000
     -0.78496      0.00000
     -0.78380      0.00000
     -0.78263      0.00000
     -0.78146      0.00000
     -0.78029      0.00000
     -0.77913      0.00000
     -0.77796      0.00000
     -0.77679      0.00000
     -0.77562      0.00000
     -0.77446      0.00000
     -0.77329      0.00000
     -0.77212      0.00000
     -0.77095      0.00000
     -0.76978      0.00000
     -0.76862      0.00000
     -0.76745      0.00000
     -0.76628      0.00000
     -0.76511      0.00000
     -0.76395      0.00000
     -0.76278      0.00000
     -0.76161      0.00000
     -0.76044      0.00000
     -0.75928      0.00000
     -0.75811      0.00000
     -0.75694      0.00000
     -0.75577      0.00000
     -0.75461      0.00000
     -0.75344      0.00000
     -0.75227      0.00000
     -0.75110      0.00000
     -0.74994      0.00000
     -0.74877      0.00000
     -0.74760      0.00000
     -0.74643      0.00000
     -0.74526      0.00000
     -0.74410      0.00000
     -0.74293      0.00000
     -0.74176      0.00000
     -0.74059      0.00000
     -0.73943      0.00000
     -0.73826     -0.00000
     -0.73709     -0.00000
     -0.73592     -0.00000
     -0.73476     -0.00000
     -0.73359     -0.00000
     -0.73242     -0.00000
     -0.73125     -0.00000
     -0.73009     -0.00000
     -0.72892     -0.00000
     -0.72775     -0.00000
     -0.72658     -0.00000
     -0.72541     -0.00000
     -0.72425     -0.00000
     -0.72308     -0.00000
     -0.72191     -0.00000
     -0.72074     -0.00000
     -0.71958     -0.00000
     -0.71841     -0.00000
     -0.71724     -0.00000
     -0.71607      0.00001
     -0.71491      0.00001
     -0.71374      0.00003
     -0.71257      0.00005
     -0.71140      0.00008
     -0.71024      0.00013
     -0.70907      0.00020
     -0.70790      0.00031
     -0.70673      0.00046
     -0.70556      0.00067
     -0.70440      0.00095
     -0.70323      0.00131
     -0.70206      0.00174
     -0.70089      0.00226
     -0.69973      0.00284
     -0.69856      0.00349
     -0.69739      0.00416
     -0.69622      0.00485
     -0.69506      0.00556
     -0.69389      0.00621
     -0.69272      0.00682
     -0.69155      0.00740
     -0.69039      0.00796
     -0.68922      0.00855
     -0.68805      0.00930
     -0.68688      0.01020
     -0.68571      0.01141
     -0.68455      0.01301
     -0.68338      0.01514
     -0.68221      0.01791
     -0.68104      0.02149
     -0.67988      0.02603
     -0.67871      0.03152
     -0.67754      0.03831
     -0.67637      0.04618
     -0.67521      0.05532
     -0.67404      0.06577
     -0.67287      0.07759
     -0.67170      0.09083
     -0.67054      0.10556
     -0.66937      0.12187
     -0.66820      0.13984
     -0.66703      0.15960
     -0.66587      0.18113
     -0.66470      0.20430
     -0.66353      0.22882
     -0.66236      0.25410
     -0.66119      0.27926
     -0.66003      0.30316
     -0.65886      0.32438
     -0.65769      0.34142
     -0.65652      0.35280
     -0.65536      0.35735
     -0.65419      0.35423
     -0.65302      0.34320
     -0.65185      0.32465
     -0.65069      0.29956
     -0.64952      0.26942
     -0.64835      0.23605
     -0.64718      0.20120
     -0.64602      0.16708
     -0.64485      0.13497
     -0.64368      0.10604
     -0.64251      0.08101
     -0.64134      0.06017
     -0.64018      0.04323
     -0.63901      0.03037
     -0.63784      0.02068
     -0.63667      0.01372
     -0.63551      0.00884
     -0.63434      0.00554
     -0.63317      0.00320
     -0.63200      0.00152
     -0.63084      0.00082
     -0.62967      0.00000
     -0.62850      0.00000
     -0.62733      0.00000
     -0.62617      0.00000
     -0.62500      0.00000
     -0.62383      0.00000
     -0.62266      0.00000
     -0.62149      0.00000
     -0.62033      0.00000
     -0.61916      0.00000
     -0.61799      0.00000
     -0.61682      0.00000
     -0.61566      0.00000
     -0.61449      0.00000
     -0.61332      0.00000
     -0.61215      0.00000
     -0.61099      0.00000
     -0.60982      0.00000
     -0.60865      0.00000
     -0.60748      0.00000
     -0.60632      0.00000
     -0.60515      0.00000
     -0.60398      0.00000
     -0.60281      0.00000
     -0.60164      0.00000
     -0.60048      0.00000
     -0.59931      0.00000
     -0.59814      0.00000
     -0.59697      0.00000
     -0.59581      0.00000
     -0.59464      0.00000
     -0.59347      0.00000
     -0.59230      0.00000
     -0.59114      0.00000
     -0.58997      0.00000
     -0.58880      0.00000
     -0.58763      0.00000
     -0.58647      0.00000
     -0.58530      0.00000
     -0.58413      0.00000
     -0.58296      0.00000
     -0.58179      0.00000
     -0.58063      0.00000
     -0.57946      0.00000
     -0.57829      0.00000
     -0.57712      0.00000
     -0.57596      0.00000
     -0.57479      0.00000
     -0.57362      0.00000
     -0.57245      0.00000
     -0.57129      0.00000
     -0.57012      0.00000
     -0.56895      0.00000
     -0.56778      0.00000
     -0.56662      0.00000
     -0.56545      0.00000
     -0.56428      0.00000
     -0.56311      0.00000
     -0.56195      0.00000
     -0.56078      0.00000
     -0.55961      0.00000
     -0.55844      0.00000
     -0.55727      0.00000
     -0.55611      0.00000
     -0.55494      0.00000
     -0.55377      0.00000
     -0.55260      0.00000
     -0.55144      0.00000
     -0.55027      0.00000
     -0.54910      0.00000
     -0.54793      0.00000
     -0.54677      0.00000
     -0.54560      0.00000
     -0.54443      0.00000
     -0.54326      0.00000
     -0.54210      0.00000
     -0.54093      0.00000
     -0.53976      0.00000
     -0.53859      0.00000
     -0.53742      0.00000
     -0.53626      0.00000
     -0.53509      0.00000
     -0.53392      0.00000
     -0.53275      0.00000
     -0.53159      0.00000
     -0.53042      0.00000
     -0.52925      0.00000
     -0.52808      0.00000
     -0.52692      0.00000
     -0.52575      0.00000
     -0.52458      0.00000
     -0.52341      0.00000
     -0.52225      0.00000
     -0.52108      0.00000
     -0.51991      0.00000
     -0.51874      0.00000
     -0.51757      0.00000
     -0.51641      0.00000
     -0.51524      0.00000
     -0.51407      0.00000
     -0.51290      0.00000
     -0.51174      0.00000
     -0.51057      0.00000
     -0.50940      0.00000
     -0.50823      0.00000
     -0.50707      0.00000
     -0.50590      0.00000
     -0.50473      0.00000
     -0.50356      0.00000
     -0.50240      0.00000
     -0.50123      0.00000
     -0.50006      0.00000
     -0.49889      0.00000
     -0.49772      0.00000
     -0.49656      0.00000
     -0.49539      0.00000
     -0.49422      0.00000
     -0.49305      0.00000
     -0.49189      0.00000
     -0.49072      0.00000
     -0.48955      0.00000
     -0.48838      0.00000
     -0.48722      0.00000
     -0.48605      0.00000
     -0.48488      0.00000
     -0.48371      0.00000
     -0.48255      0.00000
     -0.48138      0.00000
     -0.48021      0.00000
     -0.47904      0.00000
     -0.47788      0.00000
     -0.47671      0.00000
     -0.47554      0.00000
     -0.47437      0.00000
     -0.47320      0.00000
     -0.47204      0.00000
     -0.47087      0.00000
     -0.46970      0.00000
     -0.46853      0.00000
     -0.46737      0.00000
     -0.46620      0.00000
     -0.46503      0.00000
     -0.46386      0.00000
     -0.46270      0.00000
     -0.46153      0.00000
     -0.46036      0.00000
     -0.45919      0.00000
     -0.45803      0.00000
     -0.45686      0.00000
     -0.45569      0.00000
     -0.45452      0.00000
     -0.45335      0.00000
     -0.45219      0.00000
     -0.45102      0.00000
     -0.44985      0.00000
     -0.44868      0.00000
     -0.44752      0.00000
     -0.44635      0.00000
     -0.44518      0.00000
     -0.44401      0.00000
     -0.44285      0.00000
     -0.44168      0.00000
     -0.44051      0.00000
     -0.43934      0.00000
     -0.43818      0.00000
     -0.43701      0.00000
     -0.43584      0.00000
     -0.43467      0.00000
     -0.43350      0.00000
     -0.43234      0.00000
     -0.43117      0.00000
     -0.43000      0.00000
     -0.42883      0.00000
     -0.42767      0.00000
     -0.42650      0.00000
     -0.42533      0.00000
     -0.42416      0.00000
     -0.42300      0.00000
     -0.42183      0.00000
     -0.42066      0.00000
     -0.41949      0.00000
     -0.41833      0.00000
     -0.41716      0.00000
     -0.41599      0.00000
     -0.41482      0.00000
     -0.41365      0.00000
     -0.41249      0.00000
     -0.41132      0.00000
     -0.41015      0.00000
     -0.40898      0.00000
     -0.40782      0.00000
     -0.40665      0.00000
     -0.40548      0.00000
     -0.40431      0.00000
     -0.40315      0.00000
     -0.40198      0.00000
     -0.40081      0.00000
     -0.39964      0.00000
     -0.39848      0.00000
     -0.39731      0.00000
     -0.39614      0.00000
     -0.39497      0.00000
     -0.39381      0.00000
     -0.39264      0.00000
     -0.39147      0.00000
     -0.39030      0.00000
     -0.38913      0.00000
     -0.38797      0.00000
     -0.38680      0.00000
     -0.38563      0.00000
     -0.38446      0.00000
     -0.38330      0.00000
     -0.38213      0.00000
     -0.38096      0.00000
     -0.37979      0.00000
     -0.37863      0.00000
     -0.37746      0.00000
     -0.37629      0.00000
     -0.37512      0.00000
     -0.37396      0.00000
     -0.37279      0.00000
     -0.37162      0.00000
     -0.37045      0.00000
     -0.36928      0.00000
     -0.36812      0.00000
     -0.36695      0.00000
     -0.36578      0.00000
     -0.36461      0.00000
     -0.36345      0.00000
     -0.36228      0.00000
     -0.36111      0.00000
     -0.35994      0.00000
     -0.35878      0.00000
     -0.35761      0.00000
     -0.35644      0.00000
     -0.35527      0.00000
     -0.35411      0.00000
     -0.35294      0.00000
     -0.35177      0.00000
     -0.35060      0.00000
     -0.34943      0.00000
     -0.34827      0.00000
     -0.34710      0.00000
     -0.34593      0.00000
     -0.34476      0.00000
     -0.34360      0.00000
     -0.34243      0.00000
     -0.34126      0.00000
     -0.34009      0.00000
     -0.33893      0.00000
     -0.33776      0.00000
     -0.33659      0.00000
     -0.33542      0.00000
     -0.33426      0.00000
     -0.33309      0.00000
     -0.33192      0.00000
     -0.33075      0.00000
     -0.32958      0.00000
     -0.32842      0.00000
     -0.32725      0.00000
     -0.32608      0.00000
     -0.32491      0.00000
     -0.32375      0.00000
     -0.32258      0.00000
     -0.32141      0.00000
     -0.32024      0.00000
     -0.31908      0.00000
     -0.31791      0.00000
     -0.31674      0.00000
     -0.31557      0.00000
     -0.31441      0.00000
     -0.31324      0.00000
     -0.31207      0.00000
     -0.31090      0.00000
     -0.30973      0.00000
     -0.30857      0.00000
     -0.30740      0.00000
     -0.30623      0.00000
     -0.30506      0.00000
     -0.30390      0.00000
     -0.30273      0.00000
     -0.30156      0.00000
     -0.30039      0.00000
     -0.29923      0.00000
     -0.29806      0.00000
     -0.29689      0.00000
     -0.29572      0.00000
     -0.29456      0.00000
     -0.29339      0.00000
     -0.29222      0.00000
     -0.29105      0.00000
     -0.28989      0.00000
     -0.28872      0.00000
     -0.28755      0.00000
     -0.28638      0.00000
     -0.28521      0.00000
     -0.28405      0.00000
     -0.28288      0.00000
     -0.28171      0.00000
     -0.28054      0.00000
     -0.27938      0.00000
     -0.27821      0.00000
     -0.27704      0.00011
     -0.27587      0.00020
     -0.27471      0.00036
     -0.27354      0.00063
     -0.27237      0.00108
     -0.27120      0.00180
     -0.27004      0.00290
     -0.26887      0.00454
     -0.26770      0.00691
     -0.26653      0.01023
     -0.26536      0.01468
     -0.26420      0.02046
     -0.26303      0.02769
     -0.26186      0.03641
     -0.26069      0.04650
     -0.25953      0.05772
     -0.25836      0.06965
     -0.25719      0.08171
     -0.25602      0.09325
     -0.25486      0.10367
     -0.25369      0.11226
     -0.25252      0.11882
     -0.25135      0.12285
     -0.25019      0.12453
     -0.24902      0.12422
     -0.24785      0.12252
     -0.24668      0.12026
     -0.24551      0.11851
     -0.24435      0.11811
     -0.24318      0.12009
     -0.24201      0.12531
     -0.24084      0.13448
     -0.23968      0.14795
     -0.23851      0.16584
     -0.23734      0.18790
     -0.23617      0.21349
     -0.23501      0.24163
     -0.23384      0.27099
     -0.23267      0.30016
     -0.23150      0.32742
     -0.23034      0.35132
     -0.22917      0.37016
     -0.22800      0.38415
     -0.22683      0.39212
     -0.22566      0.39410
     -0.22450      0.39054
     -0.22333      0.38216
     -0.22216      0.36989
     -0.22099      0.35468
     -0.21983      0.33746
     -0.21866      0.31887
     -0.21749      0.29995
     -0.21632      0.28091
     -0.21516      0.26207
     -0.21399      0.24359
     -0.21282      0.22553
     -0.21165      0.20787
     -0.21049      0.19044
     -0.20932      0.17333
     -0.20815      0.15649
     -0.20698      0.13938
     -0.20582      0.12316
     -0.20465      0.10681
     -0.20348      0.09220
     -0.20231      0.07867
     -0.20114      0.06680
     -0.19998      0.05713
     -0.19881      0.05027
     -0.19764      0.04607
     -0.19647      0.04632
     -0.19531      0.05053
     -0.19414      0.05901
     -0.19297      0.07153
     -0.19180      0.08885
     -0.19064      0.11005
     -0.18947      0.13450
     -0.18830      0.16125
     -0.18713      0.18906
     -0.18597      0.21646
     -0.18480      0.24163
     -0.18363      0.26364
     -0.18246      0.28069
     -0.18129      0.29172
     -0.18013      0.29632
     -0.17896      0.29401
     -0.17779      0.28527
     -0.17662      0.27089
     -0.17546      0.25206
     -0.17429      0.23024
     -0.17312      0.20707
     -0.17195      0.18422
     -0.17079      0.16333
     -0.16962      0.14588
     -0.16845      0.13321
     -0.16728      0.12610
     -0.16612      0.12514
     -0.16495      0.13044
     -0.16378      0.14166
     -0.16261      0.15792
     -0.16144      0.17804
     -0.16028      0.19965
     -0.15911      0.22299
     -0.15794      0.24500
     -0.15677      0.26436
     -0.15561      0.27977
     -0.15444      0.29158
     -0.15327      0.29951
     -0.15210      0.30407
     -0.15094      0.30633
     -0.14977      0.30815
     -0.14860      0.31035
     -0.14743      0.31422
     -0.14627      0.32069
     -0.14510      0.33052
     -0.14393      0.34368
     -0.14276      0.36028
     -0.14159      0.38018
     -0.14043      0.40317
     -0.13926      0.42903
     -0.13809      0.45773
     -0.13692      0.48890
     -0.13576      0.52247
     -0.13459      0.55787
     -0.13342      0.59444
     -0.13225      0.63038
     -0.13109      0.66638
     -0.12992      0.69931
     -0.12875      0.72742
     -0.12758      0.74898
     -0.12642      0.76256
     -0.12525      0.76722
     -0.12408      0.76275
     -0.12291      0.74969
     -0.12174      0.72935
     -0.12058      0.70284
     -0.11941      0.67399
     -0.11824      0.64371
     -0.11707      0.61375
     -0.11591      0.58512
     -0.11474      0.55843
     -0.11357      0.53294
     -0.11240      0.50848
     -0.11124      0.48287
     -0.11007      0.45642
     -0.10890      0.42730
     -0.10773      0.39513
     -0.10657      0.36008
     -0.10540      0.32225
     -0.10423      0.28399
     -0.10306      0.24522
     -0.10190      0.20746
     -0.10073      0.17368
     -0.09956      0.14299
     -0.09839      0.11600
     -0.09722      0.09253
     -0.09606      0.07354
     -0.09489      0.05799
     -0.09372      0.04546
     -0.09255      0.03546
     -0.09139      0.02753
     -0.09022      0.02089
     -0.08905      0.01607
     -0.08788      0.01164
     -0.08672      0.00884
     -0.08555      0.00658
     -0.08438      0.00440
     -0.08321      0.00319
     -0.08205      0.00225
     -0.08088      0.00154
     -0.07971      0.00103
     -0.07854      0.00066
     -0.07737      0.00042
     -0.07621      0.00025
     -0.07504      0.00015
     -0.07387      0.00000
     -0.07270      0.00000
     -0.07154      0.00000
     -0.07037      0.00000
     -0.06920      0.00000
     -0.06803      0.00000
     -0.06687      0.00000
     -0.06570      0.00000
     -0.06453      0.00000
     -0.06336      0.00000
     -0.06220      0.00000
     -0.06103      0.00000
     -0.05986      0.00000
     -0.05869      0.00000
     -0.05752      0.00000
     -0.05636      0.00000
     -0.05519      0.00000
     -0.05402      0.00000
     -0.05285      0.00000
     -0.05169      0.00000
     -0.05052      0.00000
     -0.04935      0.00000
     -0.04818      0.00000
     -0.04702      0.00000
     -0.04585      0.00000
     -0.04468      0.00000
     -0.04351      0.00000
     -0.04235      0.00000
     -0.04118      0.00000
     -0.04001      0.00000
     -0.03884      0.00000
     -0.03767      0.00000
     -0.03651      0.00000
     -0.03534      0.00000
     -0.03417      0.00000
     -0.03300      0.00000
     -0.03184      0.00000
     -0.03067      0.00000
     -0.02950      0.00000
     -0.02833      0.00000
     -0.02717      0.00000
     -0.02600      0.00000
     -0.02483      0.00000
     -0.02366      0.00000
     -0.02250      0.00000
     -0.02133      0.00000
     -0.02016      0.00000
     -0.01899      0.00000
     -0.01783      0.00000
     -0.01666      0.00000
     -0.01549      0.00000
     -0.01432      0.00000
     -0.01315      0.00000
     -0.01199      0.00000
     -0.01082      0.00000
     -0.00965      0.00000
     -0.00848      0.00000
     -0.00732      0.00000
     -0.00615      0.00000
     -0.00498      0.00000
     -0.00381      0.00000
     -0.00265      0.00000
     -0.00148      0.00000
     -0.00031      0.00000
      0.00086      0.00000
      0.00202      0.00000
      0.00319      0.00000
      0.00436      0.00000
      0.00553      0.00000
      0.00670      0.00000
      0.00786      0.00000
      0.00903      0.00000
      0.01020      0.00000
      0.01137      0.00000
      0.01253      0.00000
      0.01370      0.00000
      0.01487      0.00000
      0.01604      0.00000
      0.01720      0.00000
      0.01837      0.00000
      0.01954      0.00000
      0.02071      0.00000
      0.02187      0.00000
      0.02304      0.00000
      0.02421      0.00000
      0.02538      0.00000
      0.02655      0.00000
      0.02771      0.00000
      0.02888      0.00000
      0.03005      0.00000
      0.03122      0.00000
      0.03238      0.00000
      0.03355      0.00000
      0.03472      0.00000
      0.03589      0.00000
      0.03705      0.00000
      0.03822      0.00000
      0.03939      0.00000
      0.04056      0.00000
      0.04172      0.00000
      0.04289      0.00000
      0.04406      0.00000
      0.04523      0.00000
      0.04640      0.00000
      0.04756      0.00000
      0.04873      0.00000
      0.04990      0.00000
      0.05107      0.00000
      0.05223      0.00000
      0.05340      0.00000
      0.05457      0.00000
      0.05574      0.00000
      0.05690      0.00000
      0.05807      0.00000
      0.05924      0.00000
      0.06041      0.00000
      0.06157      0.00000
      0.06274      0.00000
      0.06391      0.00000
      0.06508      0.00000
      0.06625      0.00000
      0.06741      0.00000
      0.06858      0.00000
      0.06975      0.00000
      0.07092      0.00000
      0.07208      0.00000
      0.07325      0.00000
      0.07442      0.00000
      0.07559      0.00000
      0.07675      0.00000
      0.07792      0.00000
      0.07909      0.00000
      0.08026      0.00000
      0.08142      0.00000
      0.08259      0.00000
      0.08376      0.00000
      0.08493      0.00000
      0.08609      0.00000
      0.08726      0.00000
      0.08843      0.00000
      0.08960      0.00000
      0.09077      0.00000
      0.09193      0.00000
      0.09310      0.00000
      0.09427      0.00000
      0.09544      0.00000
      0.09660      0.00000
      0.09777      0.00000
      0.09894      0.00000
      0.10011      0.00000
      0.10127      0.00000
      0.10244      0.00001
      0.10361      0.00001
      0.10478      0.00002
      0.10594      0.00003
      0.10711      0.00004
      0.10828      0.00007
      0.10945      0.00010
      0.11062      0.00014
      0.11178      0.00020
      0.11295      0.00028
      0.11412      0.00037
      0.11529      0.00048
      0.11645      0.00060
      0.11762      0.00073
      0.11879      0.00086
      0.11996      0.00099
      0.12112      0.00110
      0.12229      0.00119
      0.12346      0.00125
      0.12463      0.00127
      0.12579      0.00126
      0.12696      0.00121
      0.12813      0.00113
      0.12930      0.00102
      0.13047      0.00090
      0.13163      0.00077
      0.13280      0.00064
      0.13397      0.00051
      0.13514      0.00040
      0.13630      0.00030
      0.13747      0.00022
      0.13864      0.00016
      0.13981      0.00011
      0.14097      0.00007
      0.14214      0.00005
      0.14331      0.00003
      0.14448      0.00002
      0.14564      0.00001
      0.14681      0.00001
      0.14798      0.00000
      0.14915      0.00000
      0.15032      0.00000
      0.15148      0.00000
      0.15265      0.00000
      0.15382      0.00000
      0.15499      0.00000
      0.15615      0.00000
      0.15732      0.00000
      0.15849      0.00005
      0.15966      0.00009
      0.16082      0.00016
      0.16199      0.00027
      0.16316      0.00046
      0.16433      0.00075
      0.16549      0.00118
      0.16666      0.00181
      0.16783      0.00270
      0.16900      0.00390
      0.17016      0.00549
      0.17133      0.00749
      0.17250      0.00992
      0.17367      0.01276
      0.17484      0.01593
      0.17600      0.01932
      0.17717      0.02274
      0.17834      0.02599
      0.17951      0.02884
      0.18067      0.03107
      0.18184      0.03249
      0.18301      0.03300
      0.18418      0.03254
      0.18534      0.03115
      0.18651      0.02895
      0.18768      0.02613
      0.18885      0.02289
      0.19001      0.01947
      0.19118      0.01608
      0.19235      0.01290
      0.19352      0.01008
      0.19469      0.00765
      0.19585      0.00569
      0.19702      0.00417
      0.19819      0.00309
      0.19936      0.00241
      0.20052      0.00210
      0.20169      0.00214
      0.20286      0.00254
      0.20403      0.00328
      0.20519      0.00440
      0.20636      0.00581
      0.20753      0.00774
      0.20870      0.01001
      0.20986      0.01257
      0.21103      0.01535
      0.21220      0.01821
      0.21337      0.02100
      0.21454      0.02355
      0.21570      0.02569
      0.21687      0.02726
      0.21804      0.02816
      0.21921      0.02834
      0.22037      0.02781
      0.22154      0.02661
      0.22271      0.02487
      0.22388      0.02272
      0.22504      0.02030
      0.22621      0.01777
      0.22738      0.01525
      0.22855      0.01285
      0.22971      0.01063
      0.23088      0.00865
      0.23205      0.00701
      0.23322      0.00561
      0.23439      0.00451
      0.23555      0.00373
      0.23672      0.00330
      0.23789      0.00327
      0.23906      0.00370
      0.24022      0.00470
      0.24139      0.00631
      0.24256      0.00886
      0.24373      0.01237
      0.24489      0.01695
      0.24606      0.02267
      0.24723      0.02951
      0.24840      0.03734
      0.24956      0.04601
      0.25073      0.05503
      0.25190      0.06395
      0.25307      0.07223
      0.25424      0.07937
      0.25540      0.08490
      0.25657      0.08854
      0.25774      0.09021
      0.25891      0.09007
      0.26007      0.08873
      0.26124      0.08646
      0.26241      0.08409
      0.26358      0.08235
      0.26474      0.08187
      0.26591      0.08318
      0.26708      0.08658
      0.26825      0.09219
      0.26941      0.10000
      0.27058      0.10973
      0.27175      0.12112
      0.27292      0.13387
      0.27408      0.14766
      0.27525      0.16218
      0.27642      0.17707
      0.27759      0.19193
      0.27876      0.20622
      0.27992      0.21903
      0.28109      0.23038
      0.28226      0.23901
      0.28343      0.24425
      0.28459      0.24557
      0.28576      0.24269
      0.28693      0.23560
      0.28810      0.22462
      0.28926      0.21034
      0.29043      0.19350
      0.29160      0.17499
      0.29277      0.15565
      0.29393      0.13625
      0.29510      0.11744
      0.29627      0.09969
      0.29744      0.08311
      0.29861      0.06848
      0.29977      0.05549
      0.30094      0.04419
      0.30211      0.03453
      0.30328      0.02647
      0.30444      0.02017
      0.30561      0.01515
      0.30678      0.01148
      0.30795      0.00847
      0.30911      0.00772
      0.31028      0.00826
      0.31145      0.01035
      0.31262      0.01435
      0.31378      0.02072
      0.31495      0.03000
      0.31612      0.04278
      0.31729      0.05940
      0.31846      0.08077
      0.31962      0.10651
      0.32079      0.13641
      0.32196      0.16969
      0.32313      0.20509
      0.32429      0.24086
      0.32546      0.27500
      0.32663      0.30537
      0.32780      0.33004
      0.32896      0.34753
      0.33013      0.35699
      0.33130      0.35836
      0.33247      0.35237
      0.33363      0.34036
      0.33480      0.32408
      0.33597      0.30537
      0.33714      0.28589
      0.33831      0.26690
      0.33947      0.24911
      0.34064      0.23267
      0.34181      0.21732
      0.34298      0.20250
      0.34414      0.18758
      0.34531      0.17205
      0.34648      0.15565
      0.34765      0.13838
      0.34881      0.12056
      0.34998      0.10267
      0.35115      0.08532
      0.35232      0.06759
      0.35348      0.05362
      0.35465      0.04174
      0.35582      0.03171
      0.35699      0.02401
      0.35815      0.01862
      0.35932      0.01564
      0.36049      0.01522
      0.36166      0.01763
      0.36283      0.02376
      0.36399      0.03371
      0.36516      0.04859
      0.36633      0.06881
      0.36750      0.09957
      0.36866      0.13765
      0.36983      0.18768
      0.37100      0.24863
      0.37217      0.32301
      0.37333      0.41248
      0.37450      0.51911
      0.37567      0.64559
      0.37684      0.79547
      0.37800      0.97319
      0.37917      1.18390
      0.38034      1.43282
      0.38151      1.72421
      0.38268      2.06005
      0.38384      2.43846
      0.38501      2.85230
      0.38618      3.28829
      0.38735      3.72686
      0.38851      4.14345
      0.38968      4.51149
      0.39085      4.80113
      0.39202      4.98898
      0.39318      5.05773
      0.39435      4.99978
      0.39552      4.81872
      0.39669      4.52926
      0.39785      4.15557
      0.39902      3.72841
      0.40019      3.28140
      0.40136      2.84720
      0.40253      2.45572
      0.40369      2.12830
      0.40486      1.87683
      0.40603      1.70675
      0.40720      1.61448
      0.40836      1.59071
      0.40953      1.62314
      0.41070      1.69453
      0.41187      1.79363
      0.41303      1.90714
      0.41420      2.02715
      0.41537      2.13776
      0.41654      2.26795
      0.41770      2.39294
      0.41887      2.53391
      0.42004      2.68113
      0.42121      2.83448
      0.42238      2.99087
      0.42354      3.14326
      0.42471      3.28053
      0.42588      3.39244
      0.42705      3.46879
      0.42821      3.50185
      0.42938      3.48760
      0.43055      3.42648
      0.43172      3.32336
      0.43288      3.18690
      0.43405      3.02845
      0.43522      2.86067
      0.43639      2.69728
      0.43755      2.54411
      0.43872      2.42049
      0.43989      2.32431
      0.44106      2.25722
      0.44223      2.21700
      0.44339      2.19828
      0.44456      2.19363
      0.44573      2.19491
      0.44690      2.19480
      0.44806      2.18789
      0.44923      2.17151
      0.45040      2.13841
      0.45157      2.10892
      0.45273      2.07438
      0.45390      2.04121
      0.45507      2.00875
      0.45624      1.97884
      0.45740      1.94418
      0.45857      1.91526
      0.45974      1.87927
      0.46091      1.83389
      0.46207      1.77892
      0.46324      1.71715
      0.46441      1.65460
      0.46558      1.59957
      0.46675      1.56297
      0.46791      1.55381
      0.46908      1.57939
      0.47025      1.64135
      0.47142      1.73751
      0.47258      1.86758
      0.47375      2.01212
      0.47492      2.15536
      0.47609      2.27971
      0.47725      2.36844
      0.47842      2.40806
      0.47959      2.39021
      0.48076      2.31281
      0.48192      2.18016
      0.48309      2.00209
      0.48426      1.78771
      0.48543      1.56430
      0.48660      1.33966
      0.48776      1.12766
      0.48893      0.93870
      0.49010      0.77903
      0.49127      0.65083
      0.49243      0.55343
      0.49360      0.48200
      0.49477      0.43147
      0.49594      0.39671
      0.49710      0.37144
      0.49827      0.35196
      0.49944      0.33578
      0.50061      0.32220
      0.50177      0.30353
      0.50294      0.30315
      0.50411      0.31015
      0.50528      0.32876
      0.50645      0.36274
      0.50761      0.41492
      0.50878      0.48672
      0.50995      0.57778
      0.51112      0.68575
      0.51228      0.80617
      0.51345      0.93270
      0.51462      1.05751
      0.51579      1.17198
      0.51695      1.26750
      0.51812      1.33655
      0.51929      1.37315
      0.52046      1.37295
      0.52162      1.33910
      0.52279      1.27211
      0.52396      1.17782
      0.52513      1.06361
      0.52630      0.93898
      0.52746      0.81370
      0.52863      0.69733
      0.52980      0.59861
      0.53097      0.52506
      0.53213      0.48277
      0.53330      0.47619
      0.53447      0.50809
      0.53564      0.57933
      0.53680      0.68907
      0.53797      0.83550
      0.53914      1.00995
      0.54031      1.20354
      0.54147      1.41015
      0.54264      1.61511
      0.54381      1.80254
      0.54498      1.97158
      0.54614      2.10816
      0.54731      2.20820
      0.54848      2.27302
      0.54965      2.30979
      0.55082      2.32664
      0.55198      2.33654
      0.55315      2.35203
      0.55432      2.38369
      0.55549      2.43827
      0.55665      2.51751
      0.55782      2.61791
      0.55899      2.73154
      0.56016      2.84763
      0.56132      2.95457
      0.56249      3.04192
      0.56366      3.10201
      0.56483      3.13066
      0.56599      3.12641
