#     PDOS  shell 1 (s) of atom 1 mg  (Mulliken)
#     E - Ef       total
# Ef =         0.3840051700
     -0.83401      0.00000
     -0.83284      0.00000
     -0.83167      0.00000
     -0.83050      0.00000
     -0.82933      0.00000
     -0.82817      0.00000
     -0.82700      0.00000
     -0.82583      0.00000
     -0.82466      0.00000
     -0.82350      0.00000
     -0.82233      0.00000
     -0.82116      0.00000
     -0.81999      0.00000
     -0.81883      0.00000
     -0.81766      0.00000
     -0.81649      0.00000
     -0.81532      0.00000
     -0.81416      0.00000
     -0.81299      0.00000
     -0.81182      0.00000
     -0.81065      0.00000
     -0.80948      0.00000
     -0.80832      0.00000
     -0.80715      0.00000
     -0.80598      0.00000
     -0.80481      0.00000
     -0.80365      0.00000
     -0.80248      0.00000
     -0.80131      0.00000
     -0.80014      0.00000
     -0.79898      0.00000
     -0.79781      0.00000
     -0.79664      0.00000
     -0.79547      0.00000
     -0.79431      0.00000
     -0.79314      0.00000
     -0.79197      0.00000
     -0.79080      0.00000
     -0.78963      0.00000
     -0.78847      0.00000
     -0.78730      0.00000
     -0.78613      0.00000
     -0.78496      0.00000
     -0.78380      0.00000
     -0.78263      0.00000
     -0.78146      0.00000
     -0.78029      0.00000
     -0.77913      0.00000
     -0.77796      0.00000
     -0.77679      0.00000
     -0.77562      0.00000
     -0.77446      0.00000
     -0.77329      0.00000
     -0.77212      0.00000
     -0.77095      0.00000
     -0.76978      0.00000
     -0.76862      0.00000
     -0.76745      0.00000
     -0.76628      0.00000
     -0.76511      0.00000
     -0.76395      0.00000
     -0.76278      0.00000
     -0.76161      0.00000
     -0.76044      0.00000
     -0.75928      0.00000
     -0.75811      0.00000
     -0.75694      0.00000
     -0.75577      0.00000
     -0.75461      0.00000
     -0.75344      0.00000
     -0.75227      0.00000
     -0.75110      0.00000
     -0.74994      0.00000
     -0.74877      0.00000
     -0.74760      0.00000
     -0.74643      0.00000
     -0.74526      0.00000
     -0.74410      0.00000
     -0.74293      0.00000
     -0.74176      0.00000
     -0.74059      0.00000
     -0.73943      0.00000
     -0.73826      0.00000
     -0.73709      0.00000
     -0.73592      0.00000
     -0.73476      0.00000
     -0.73359      0.00000
     -0.73242      0.00000
     -0.73125      0.00000
     -0.73009      0.00000
     -0.72892      0.00000
     -0.72775      0.00000
     -0.72658      0.00000
     -0.72541      0.00000
     -0.72425      0.00000
     -0.72308      0.00001
     -0.72191      0.00001
     -0.72074      0.00001
     -0.71958      0.00002
     -0.71841      0.00002
     -0.71724      0.00003
     -0.71607      0.00004
     -0.71491      0.00004
     -0.71374      0.00005
     -0.71257      0.00006
     -0.71140      0.00007
     -0.71024      0.00007
     -0.70907      0.00008
     -0.70790      0.00009
     -0.70673      0.00009
     -0.70556      0.00009
     -0.70440      0.00010
     -0.70323      0.00010
     -0.70206      0.00011
     -0.70089      0.00011
     -0.69973      0.00012
     -0.69856      0.00013
     -0.69739      0.00014
     -0.69622      0.00015
     -0.69506      0.00016
     -0.69389      0.00016
     -0.69272      0.00017
     -0.69155      0.00018
     -0.69039      0.00018
     -0.68922      0.00018
     -0.68805      0.00018
     -0.68688      0.00018
     -0.68571      0.00017
     -0.68455      0.00017
     -0.68338      0.00017
     -0.68221      0.00016
     -0.68104      0.00016
     -0.67988      0.00016
     -0.67871      0.00016
     -0.67754      0.00016
     -0.67637      0.00016
     -0.67521      0.00016
     -0.67404      0.00016
     -0.67287      0.00017
     -0.67170      0.00016
     -0.67054      0.00016
     -0.66937      0.00016
     -0.66820      0.00016
     -0.66703      0.00016
     -0.66587      0.00015
     -0.66470      0.00015
     -0.66353      0.00014
     -0.66236      0.00013
     -0.66119      0.00012
     -0.66003      0.00012
     -0.65886      0.00011
     -0.65769      0.00010
     -0.65652      0.00009
     -0.65536      0.00008
     -0.65419      0.00007
     -0.65302      0.00006
     -0.65185      0.00006
     -0.65069      0.00005
     -0.64952      0.00004
     -0.64835      0.00003
     -0.64718      0.00003
     -0.64602      0.00002
     -0.64485      0.00002
     -0.64368      0.00001
     -0.64251      0.00001
     -0.64134      0.00001
     -0.64018      0.00000
     -0.63901      0.00000
     -0.63784      0.00000
     -0.63667      0.00000
     -0.63551      0.00000
     -0.63434      0.00000
     -0.63317      0.00000
     -0.63200      0.00000
     -0.63084      0.00000
     -0.62967      0.00000
     -0.62850      0.00000
     -0.62733      0.00000
     -0.62617      0.00000
     -0.62500      0.00000
     -0.62383      0.00000
     -0.62266      0.00000
     -0.62149      0.00000
     -0.62033      0.00000
     -0.61916      0.00000
     -0.61799      0.00000
     -0.61682      0.00000
     -0.61566      0.00000
     -0.61449      0.00000
     -0.61332      0.00000
     -0.61215      0.00000
     -0.61099      0.00000
     -0.60982      0.00000
     -0.60865      0.00000
     -0.60748      0.00000
     -0.60632      0.00000
     -0.60515      0.00000
     -0.60398      0.00000
     -0.60281      0.00000
     -0.60164      0.00000
     -0.60048      0.00000
     -0.59931      0.00000
     -0.59814      0.00000
     -0.59697      0.00000
     -0.59581      0.00000
     -0.59464      0.00000
     -0.59347      0.00000
     -0.59230      0.00000
     -0.59114      0.00000
     -0.58997      0.00000
     -0.58880      0.00000
     -0.58763      0.00000
     -0.58647      0.00000
     -0.58530      0.00000
     -0.58413      0.00000
     -0.58296      0.00000
     -0.58179      0.00000
     -0.58063      0.00000
     -0.57946      0.00000
     -0.57829      0.00000
     -0.57712      0.00000
     -0.57596      0.00000
     -0.57479      0.00000
     -0.57362      0.00000
     -0.57245      0.00000
     -0.57129      0.00000
     -0.57012      0.00000
     -0.56895      0.00000
     -0.56778      0.00000
     -0.56662      0.00000
     -0.56545      0.00000
     -0.56428      0.00000
     -0.56311      0.00000
     -0.56195      0.00000
     -0.56078      0.00000
     -0.55961      0.00000
     -0.55844      0.00000
     -0.55727      0.00000
     -0.55611      0.00000
     -0.55494      0.00000
     -0.55377      0.00000
     -0.55260      0.00000
     -0.55144      0.00000
     -0.55027      0.00000
     -0.54910      0.00000
     -0.54793      0.00000
     -0.54677      0.00000
     -0.54560      0.00000
     -0.54443      0.00000
     -0.54326      0.00000
     -0.54210      0.00000
     -0.54093      0.00000
     -0.53976      0.00000
     -0.53859      0.00000
     -0.53742      0.00000
     -0.53626      0.00000
     -0.53509      0.00000
     -0.53392      0.00000
     -0.53275      0.00000
     -0.53159      0.00000
     -0.53042      0.00000
     -0.52925      0.00000
     -0.52808      0.00000
     -0.52692      0.00000
     -0.52575      0.00000
     -0.52458      0.00000
     -0.52341      0.00000
     -0.52225      0.00000
     -0.52108      0.00000
     -0.51991      0.00000
     -0.51874      0.00000
     -0.51757      0.00000
     -0.51641      0.00000
     -0.51524      0.00000
     -0.51407      0.00000
     -0.51290      0.00000
     -0.51174      0.00000
     -0.51057      0.00000
     -0.50940      0.00000
     -0.50823      0.00000
     -0.50707      0.00000
     -0.50590      0.00000
     -0.50473      0.00000
     -0.50356      0.00000
     -0.50240      0.00000
     -0.50123      0.00000
     -0.50006      0.00000
     -0.49889      0.00000
     -0.49772      0.00000
     -0.49656      0.00000
     -0.49539      0.00000
     -0.49422      0.00000
     -0.49305      0.00000
     -0.49189      0.00000
     -0.49072      0.00000
     -0.48955      0.00000
     -0.48838      0.00000
     -0.48722      0.00000
     -0.48605      0.00000
     -0.48488      0.00000
     -0.48371      0.00000
     -0.48255      0.00000
     -0.48138      0.00000
     -0.48021      0.00000
     -0.47904      0.00000
     -0.47788      0.00000
     -0.47671      0.00000
     -0.47554      0.00000
     -0.47437      0.00000
     -0.47320      0.00000
     -0.47204      0.00000
     -0.47087      0.00000
     -0.46970      0.00000
     -0.46853      0.00000
     -0.46737      0.00000
     -0.46620      0.00000
     -0.46503      0.00000
     -0.46386      0.00000
     -0.46270      0.00000
     -0.46153      0.00000
     -0.46036      0.00000
     -0.45919      0.00000
     -0.45803      0.00000
     -0.45686      0.00000
     -0.45569      0.00000
     -0.45452      0.00000
     -0.45335      0.00000
     -0.45219      0.00000
     -0.45102      0.00000
     -0.44985      0.00000
     -0.44868      0.00000
     -0.44752      0.00000
     -0.44635      0.00000
     -0.44518      0.00000
     -0.44401      0.00000
     -0.44285      0.00000
     -0.44168      0.00000
     -0.44051      0.00000
     -0.43934      0.00000
     -0.43818      0.00000
     -0.43701      0.00000
     -0.43584      0.00000
     -0.43467      0.00000
     -0.43350      0.00000
     -0.43234      0.00000
     -0.43117      0.00000
     -0.43000      0.00000
     -0.42883      0.00000
     -0.42767      0.00000
     -0.42650      0.00000
     -0.42533      0.00000
     -0.42416      0.00000
     -0.42300      0.00000
     -0.42183      0.00000
     -0.42066      0.00000
     -0.41949      0.00000
     -0.41833      0.00000
     -0.41716      0.00000
     -0.41599      0.00000
     -0.41482      0.00000
     -0.41365      0.00000
     -0.41249      0.00000
     -0.41132      0.00000
     -0.41015      0.00000
     -0.40898      0.00000
     -0.40782      0.00000
     -0.40665      0.00000
     -0.40548      0.00000
     -0.40431      0.00000
     -0.40315      0.00000
     -0.40198      0.00000
     -0.40081      0.00000
     -0.39964      0.00000
     -0.39848      0.00000
     -0.39731      0.00000
     -0.39614      0.00000
     -0.39497      0.00000
     -0.39381      0.00000
     -0.39264      0.00000
     -0.39147      0.00000
     -0.39030      0.00000
     -0.38913      0.00000
     -0.38797      0.00000
     -0.38680      0.00000
     -0.38563      0.00000
     -0.38446      0.00000
     -0.38330      0.00000
     -0.38213      0.00000
     -0.38096      0.00000
     -0.37979      0.00000
     -0.37863      0.00000
     -0.37746      0.00000
     -0.37629      0.00000
     -0.37512      0.00000
     -0.37396      0.00000
     -0.37279      0.00000
     -0.37162      0.00000
     -0.37045      0.00000
     -0.36928      0.00000
     -0.36812      0.00000
     -0.36695      0.00000
     -0.36578      0.00000
     -0.36461      0.00000
     -0.36345      0.00000
     -0.36228      0.00000
     -0.36111      0.00000
     -0.35994      0.00000
     -0.35878      0.00000
     -0.35761      0.00000
     -0.35644      0.00000
     -0.35527      0.00000
     -0.35411      0.00000
     -0.35294      0.00000
     -0.35177      0.00000
     -0.35060      0.00000
     -0.34943      0.00000
     -0.34827      0.00000
     -0.34710      0.00000
     -0.34593      0.00000
     -0.34476      0.00000
     -0.34360      0.00000
     -0.34243      0.00000
     -0.34126      0.00000
     -0.34009      0.00000
     -0.33893      0.00000
     -0.33776      0.00000
     -0.33659      0.00000
     -0.33542      0.00000
     -0.33426      0.00000
     -0.33309      0.00000
     -0.33192      0.00000
     -0.33075      0.00000
     -0.32958      0.00000
     -0.32842      0.00000
     -0.32725      0.00000
     -0.32608      0.00000
     -0.32491      0.00000
     -0.32375      0.00000
     -0.32258      0.00000
     -0.32141      0.00000
     -0.32024      0.00000
     -0.31908      0.00000
     -0.31791      0.00000
     -0.31674      0.00000
     -0.31557      0.00000
     -0.31441      0.00000
     -0.31324      0.00000
     -0.31207      0.00000
     -0.31090      0.00000
     -0.30973      0.00000
     -0.30857      0.00000
     -0.30740      0.00000
     -0.30623      0.00000
     -0.30506      0.00000
     -0.30390      0.00000
     -0.30273      0.00000
     -0.30156      0.00000
     -0.30039      0.00000
     -0.29923      0.00000
     -0.29806      0.00000
     -0.29689      0.00000
     -0.29572      0.00000
     -0.29456      0.00000
     -0.29339      0.00000
     -0.29222      0.00000
     -0.29105      0.00000
     -0.28989      0.00000
     -0.28872      0.00000
     -0.28755      0.00000
     -0.28638      0.00000
     -0.28521      0.00000
     -0.28405      0.00000
     -0.28288      0.00000
     -0.28171      0.00000
     -0.28054      0.00000
     -0.27938      0.00000
     -0.27821      0.00000
     -0.27704      0.00000
     -0.27587      0.00000
     -0.27471      0.00000
     -0.27354      0.00000
     -0.27237      0.00000
     -0.27120      0.00001
     -0.27004      0.00001
     -0.26887      0.00002
     -0.26770      0.00003
     -0.26653      0.00004
     -0.26536      0.00006
     -0.26420      0.00008
     -0.26303      0.00011
     -0.26186      0.00014
     -0.26069      0.00018
     -0.25953      0.00023
     -0.25836      0.00027
     -0.25719      0.00032
     -0.25602      0.00036
     -0.25486      0.00040
     -0.25369      0.00044
     -0.25252      0.00046
     -0.25135      0.00048
     -0.25019      0.00049
     -0.24902      0.00048
     -0.24785      0.00047
     -0.24668      0.00046
     -0.24551      0.00045
     -0.24435      0.00044
     -0.24318      0.00044
     -0.24201      0.00045
     -0.24084      0.00047
     -0.23968      0.00051
     -0.23851      0.00056
     -0.23734      0.00063
     -0.23617      0.00070
     -0.23501      0.00079
     -0.23384      0.00088
     -0.23267      0.00096
     -0.23150      0.00104
     -0.23034      0.00111
     -0.22917      0.00115
     -0.22800      0.00118
     -0.22683      0.00119
     -0.22566      0.00118
     -0.22450      0.00115
     -0.22333      0.00110
     -0.22216      0.00105
     -0.22099      0.00099
     -0.21983      0.00094
     -0.21866      0.00088
     -0.21749      0.00083
     -0.21632      0.00079
     -0.21516      0.00075
     -0.21399      0.00072
     -0.21282      0.00069
     -0.21165      0.00066
     -0.21049      0.00062
     -0.20932      0.00059
     -0.20815      0.00055
     -0.20698      0.00051
     -0.20582      0.00046
     -0.20465      0.00041
     -0.20348      0.00036
     -0.20231      0.00030
     -0.20114      0.00026
     -0.19998      0.00021
     -0.19881      0.00017
     -0.19764      0.00014
     -0.19647      0.00011
     -0.19531      0.00009
     -0.19414      0.00008
     -0.19297      0.00008
     -0.19180      0.00008
     -0.19064      0.00009
     -0.18947      0.00011
     -0.18830      0.00013
     -0.18713      0.00016
     -0.18597      0.00018
     -0.18480      0.00021
     -0.18363      0.00024
     -0.18246      0.00027
     -0.18129      0.00030
     -0.18013      0.00033
     -0.17896      0.00035
     -0.17779      0.00036
     -0.17662      0.00037
     -0.17546      0.00037
     -0.17429      0.00036
     -0.17312      0.00034
     -0.17195      0.00032
     -0.17079      0.00029
     -0.16962      0.00026
     -0.16845      0.00023
     -0.16728      0.00020
     -0.16612      0.00017
     -0.16495      0.00014
     -0.16378      0.00012
     -0.16261      0.00011
     -0.16144      0.00010
     -0.16028      0.00009
     -0.15911      0.00009
     -0.15794      0.00009
     -0.15677      0.00010
     -0.15561      0.00010
     -0.15444      0.00011
     -0.15327      0.00012
     -0.15210      0.00013
     -0.15094      0.00014
     -0.14977      0.00015
     -0.14860      0.00016
     -0.14743      0.00018
     -0.14627      0.00019
     -0.14510      0.00019
     -0.14393      0.00020
     -0.14276      0.00020
     -0.14159      0.00019
     -0.14043      0.00019
     -0.13926      0.00018
     -0.13809      0.00017
     -0.13692      0.00016
     -0.13576      0.00014
     -0.13459      0.00013
     -0.13342      0.00013
     -0.13225      0.00012
     -0.13109      0.00011
     -0.12992      0.00011
     -0.12875      0.00011
     -0.12758      0.00011
     -0.12642      0.00010
     -0.12525      0.00010
     -0.12408      0.00009
     -0.12291      0.00009
     -0.12174      0.00008
     -0.12058      0.00007
     -0.11941      0.00006
     -0.11824      0.00005
     -0.11707      0.00004
     -0.11591      0.00003
     -0.11474      0.00003
     -0.11357      0.00002
     -0.11240      0.00001
     -0.11124      0.00001
     -0.11007      0.00001
     -0.10890      0.00000
     -0.10773      0.00000
     -0.10657      0.00000
     -0.10540      0.00000
     -0.10423      0.00000
     -0.10306      0.00000
     -0.10190      0.00000
     -0.10073      0.00000
     -0.09956      0.00000
     -0.09839      0.00000
     -0.09722      0.00000
     -0.09606      0.00000
     -0.09489      0.00000
     -0.09372      0.00000
     -0.09255      0.00000
     -0.09139      0.00000
     -0.09022      0.00000
     -0.08905      0.00000
     -0.08788      0.00000
     -0.08672      0.00000
     -0.08555      0.00000
     -0.08438      0.00000
     -0.08321      0.00000
     -0.08205      0.00000
     -0.08088      0.00000
     -0.07971      0.00000
     -0.07854      0.00000
     -0.07737      0.00000
     -0.07621      0.00000
     -0.07504      0.00000
     -0.07387      0.00000
     -0.07270      0.00000
     -0.07154      0.00000
     -0.07037      0.00000
     -0.06920      0.00000
     -0.06803      0.00000
     -0.06687      0.00000
     -0.06570      0.00000
     -0.06453      0.00000
     -0.06336      0.00000
     -0.06220      0.00000
     -0.06103      0.00000
     -0.05986      0.00000
     -0.05869      0.00000
     -0.05752      0.00000
     -0.05636      0.00000
     -0.05519      0.00000
     -0.05402      0.00000
     -0.05285      0.00000
     -0.05169      0.00000
     -0.05052      0.00000
     -0.04935      0.00000
     -0.04818      0.00000
     -0.04702      0.00000
     -0.04585      0.00000
     -0.04468      0.00000
     -0.04351      0.00000
     -0.04235      0.00000
     -0.04118      0.00000
     -0.04001      0.00000
     -0.03884      0.00000
     -0.03767      0.00000
     -0.03651      0.00000
     -0.03534      0.00000
     -0.03417      0.00000
     -0.03300      0.00000
     -0.03184      0.00000
     -0.03067      0.00000
     -0.02950      0.00000
     -0.02833      0.00000
     -0.02717      0.00000
     -0.02600      0.00000
     -0.02483      0.00000
     -0.02366      0.00000
     -0.02250      0.00000
     -0.02133      0.00000
     -0.02016      0.00000
     -0.01899      0.00000
     -0.01783      0.00000
     -0.01666      0.00000
     -0.01549      0.00000
     -0.01432      0.00000
     -0.01315      0.00000
     -0.01199      0.00000
     -0.01082      0.00000
     -0.00965      0.00000
     -0.00848      0.00000
     -0.00732      0.00000
     -0.00615      0.00000
     -0.00498      0.00000
     -0.00381      0.00000
     -0.00265      0.00000
     -0.00148      0.00000
     -0.00031      0.00000
      0.00086      0.00000
      0.00202      0.00000
      0.00319      0.00000
      0.00436      0.00000
      0.00553      0.00000
      0.00670      0.00000
      0.00786      0.00000
      0.00903      0.00000
      0.01020      0.00000
      0.01137      0.00000
      0.01253      0.00000
      0.01370      0.00000
      0.01487      0.00000
      0.01604      0.00000
      0.01720      0.00000
      0.01837      0.00000
      0.01954      0.00000
      0.02071      0.00000
      0.02187      0.00000
      0.02304      0.00000
      0.02421      0.00000
      0.02538      0.00000
      0.02655      0.00000
      0.02771      0.00000
      0.02888      0.00000
      0.03005      0.00000
      0.03122      0.00000
      0.03238      0.00000
      0.03355      0.00000
      0.03472      0.00000
      0.03589      0.00000
      0.03705      0.00000
      0.03822      0.00000
      0.03939      0.00000
      0.04056      0.00000
      0.04172      0.00000
      0.04289      0.00000
      0.04406      0.00000
      0.04523      0.00000
      0.04640      0.00000
      0.04756      0.00000
      0.04873      0.00000
      0.04990      0.00000
      0.05107      0.00000
      0.05223      0.00000
      0.05340      0.00000
      0.05457      0.00000
      0.05574      0.00000
      0.05690      0.00000
      0.05807      0.00000
      0.05924      0.00000
      0.06041      0.00000
      0.06157      0.00000
      0.06274      0.00000
      0.06391      0.00000
      0.06508      0.00000
      0.06625      0.00000
      0.06741      0.00000
      0.06858      0.00000
      0.06975      0.00000
      0.07092      0.00000
      0.07208      0.00000
      0.07325      0.00000
      0.07442      0.00000
      0.07559      0.00000
      0.07675      0.00000
      0.07792      0.00000
      0.07909      0.00001
      0.08026      0.00001
      0.08142      0.00001
      0.08259      0.00001
      0.08376      0.00002
      0.08493      0.00002
      0.08609      0.00003
      0.08726      0.00003
      0.08843      0.00004
      0.08960      0.00004
      0.09077      0.00004
      0.09193      0.00004
      0.09310      0.00004
      0.09427      0.00004
      0.09544      0.00004
      0.09660      0.00004
      0.09777      0.00003
      0.09894      0.00003
      0.10011      0.00003
      0.10127      0.00002
      0.10244      0.00002
      0.10361      0.00001
      0.10478      0.00001
      0.10594      0.00001
      0.10711      0.00001
      0.10828      0.00002
      0.10945      0.00003
      0.11062      0.00003
      0.11178      0.00005
      0.11295      0.00007
      0.11412      0.00009
      0.11529      0.00011
      0.11645      0.00014
      0.11762      0.00017
      0.11879      0.00020
      0.11996      0.00023
      0.12112      0.00026
      0.12229      0.00028
      0.12346      0.00029
      0.12463      0.00030
      0.12579      0.00029
      0.12696      0.00028
      0.12813      0.00026
      0.12930      0.00024
      0.13047      0.00021
      0.13163      0.00018
      0.13280      0.00015
      0.13397      0.00012
      0.13514      0.00009
      0.13630      0.00007
      0.13747      0.00005
      0.13864      0.00004
      0.13981      0.00003
      0.14097      0.00002
      0.14214      0.00001
      0.14331      0.00001
      0.14448      0.00000
      0.14564      0.00000
      0.14681      0.00000
      0.14798      0.00000
      0.14915      0.00000
      0.15032      0.00000
      0.15148      0.00000
      0.15265      0.00000
      0.15382      0.00000
      0.15499      0.00000
      0.15615      0.00000
      0.15732      0.00000
      0.15849      0.00000
      0.15966      0.00000
      0.16082      0.00000
      0.16199      0.00001
      0.16316      0.00001
      0.16433      0.00002
      0.16549      0.00003
      0.16666      0.00004
      0.16783      0.00006
      0.16900      0.00009
      0.17016      0.00012
      0.17133      0.00016
      0.17250      0.00022
      0.17367      0.00028
      0.17484      0.00035
      0.17600      0.00043
      0.17717      0.00050
      0.17834      0.00057
      0.17951      0.00064
      0.18067      0.00068
      0.18184      0.00072
      0.18301      0.00073
      0.18418      0.00072
      0.18534      0.00069
      0.18651      0.00064
      0.18768      0.00058
      0.18885      0.00050
      0.19001      0.00043
      0.19118      0.00035
      0.19235      0.00028
      0.19352      0.00022
      0.19469      0.00017
      0.19585      0.00013
      0.19702      0.00009
      0.19819      0.00007
      0.19936      0.00005
      0.20052      0.00004
      0.20169      0.00004
      0.20286      0.00005
      0.20403      0.00006
      0.20519      0.00009
      0.20636      0.00011
      0.20753      0.00015
      0.20870      0.00019
      0.20986      0.00024
      0.21103      0.00030
      0.21220      0.00035
      0.21337      0.00041
      0.21454      0.00046
      0.21570      0.00050
      0.21687      0.00053
      0.21804      0.00054
      0.21921      0.00055
      0.22037      0.00054
      0.22154      0.00051
      0.22271      0.00048
      0.22388      0.00044
      0.22504      0.00039
      0.22621      0.00034
      0.22738      0.00029
      0.22855      0.00024
      0.22971      0.00020
      0.23088      0.00016
      0.23205      0.00013
      0.23322      0.00010
      0.23439      0.00008
      0.23555      0.00007
      0.23672      0.00005
      0.23789      0.00005
      0.23906      0.00005
      0.24022      0.00006
      0.24139      0.00007
      0.24256      0.00010
      0.24373      0.00014
      0.24489      0.00018
      0.24606      0.00025
      0.24723      0.00032
      0.24840      0.00041
      0.24956      0.00050
      0.25073      0.00059
      0.25190      0.00069
      0.25307      0.00078
      0.25424      0.00085
      0.25540      0.00090
      0.25657      0.00093
      0.25774      0.00093
      0.25891      0.00091
      0.26007      0.00086
      0.26124      0.00080
      0.26241      0.00072
      0.26358      0.00064
      0.26474      0.00057
      0.26591      0.00050
      0.26708      0.00045
      0.26825      0.00041
      0.26941      0.00040
      0.27058      0.00042
      0.27175      0.00046
      0.27292      0.00052
      0.27408      0.00060
      0.27525      0.00070
      0.27642      0.00081
      0.27759      0.00094
      0.27876      0.00108
      0.27992      0.00123
      0.28109      0.00138
      0.28226      0.00153
      0.28343      0.00168
      0.28459      0.00183
      0.28576      0.00196
      0.28693      0.00208
      0.28810      0.00219
      0.28926      0.00227
      0.29043      0.00232
      0.29160      0.00233
      0.29277      0.00231
      0.29393      0.00224
      0.29510      0.00214
      0.29627      0.00199
      0.29744      0.00181
      0.29861      0.00161
      0.29977      0.00139
      0.30094      0.00118
      0.30211      0.00097
      0.30328      0.00077
      0.30444      0.00060
      0.30561      0.00045
      0.30678      0.00033
      0.30795      0.00024
      0.30911      0.00016
      0.31028      0.00011
      0.31145      0.00007
      0.31262      0.00005
      0.31378      0.00003
      0.31495      0.00002
      0.31612      0.00001
      0.31729      0.00001
      0.31846      0.00001
      0.31962      0.00002
      0.32079      0.00002
      0.32196      0.00004
      0.32313      0.00005
      0.32429      0.00008
      0.32546      0.00011
      0.32663      0.00016
      0.32780      0.00023
      0.32896      0.00032
      0.33013      0.00045
      0.33130      0.00061
      0.33247      0.00081
      0.33363      0.00104
      0.33480      0.00132
      0.33597      0.00162
      0.33714      0.00193
      0.33831      0.00224
      0.33947      0.00253
      0.34064      0.00277
      0.34181      0.00295
      0.34298      0.00305
      0.34414      0.00306
      0.34531      0.00298
      0.34648      0.00283
      0.34765      0.00260
      0.34881      0.00232
      0.34998      0.00201
      0.35115      0.00169
      0.35232      0.00138
      0.35348      0.00110
      0.35465      0.00084
      0.35582      0.00063
      0.35699      0.00046
      0.35815      0.00033
      0.35932      0.00023
      0.36049      0.00016
      0.36166      0.00011
      0.36283      0.00009
      0.36399      0.00008
      0.36516      0.00009
      0.36633      0.00010
      0.36750      0.00015
      0.36866      0.00022
      0.36983      0.00031
      0.37100      0.00042
      0.37217      0.00056
      0.37333      0.00073
      0.37450      0.00092
      0.37567      0.00112
      0.37684      0.00134
      0.37800      0.00156
      0.37917      0.00177
      0.38034      0.00196
      0.38151      0.00212
      0.38268      0.00224
      0.38384      0.00231
      0.38501      0.00233
      0.38618      0.00231
      0.38735      0.00224
      0.38851      0.00213
      0.38968      0.00199
      0.39085      0.00184
      0.39202      0.00167
      0.39318      0.00149
      0.39435      0.00132
      0.39552      0.00116
      0.39669      0.00101
      0.39785      0.00089
      0.39902      0.00079
      0.40019      0.00071
      0.40136      0.00067
      0.40253      0.00066
      0.40369      0.00068
      0.40486      0.00073
      0.40603      0.00081
      0.40720      0.00092
      0.40836      0.00103
      0.40953      0.00115
      0.41070      0.00126
      0.41187      0.00135
      0.41303      0.00141
      0.41420      0.00144
      0.41537      0.00143
      0.41654      0.00139
      0.41770      0.00131
      0.41887      0.00120
      0.42004      0.00108
      0.42121      0.00096
      0.42238      0.00084
      0.42354      0.00072
      0.42471      0.00063
      0.42588      0.00055
      0.42705      0.00049
      0.42821      0.00045
      0.42938      0.00042
      0.43055      0.00041
      0.43172      0.00041
      0.43288      0.00042
      0.43405      0.00043
      0.43522      0.00045
      0.43639      0.00047
      0.43755      0.00049
      0.43872      0.00052
      0.43989      0.00055
      0.44106      0.00059
      0.44223      0.00062
      0.44339      0.00065
      0.44456      0.00069
      0.44573      0.00073
      0.44690      0.00077
      0.44806      0.00082
      0.44923      0.00088
      0.45040      0.00095
      0.45157      0.00103
      0.45273      0.00112
      0.45390      0.00122
      0.45507      0.00133
      0.45624      0.00143
      0.45740      0.00152
      0.45857      0.00159
      0.45974      0.00163
      0.46091      0.00163
      0.46207      0.00160
      0.46324      0.00152
      0.46441      0.00142
      0.46558      0.00128
      0.46675      0.00113
      0.46791      0.00097
      0.46908      0.00082
      0.47025      0.00067
      0.47142      0.00053
      0.47258      0.00042
      0.47375      0.00033
      0.47492      0.00026
      0.47609      0.00020
      0.47725      0.00016
      0.47842      0.00013
      0.47959      0.00011
      0.48076      0.00010
      0.48192      0.00010
      0.48309      0.00009
      0.48426      0.00009
      0.48543      0.00010
      0.48660      0.00011
      0.48776      0.00013
      0.48893      0.00014
      0.49010      0.00017
      0.49127      0.00019
      0.49243      0.00022
      0.49360      0.00024
      0.49477      0.00026
      0.49594      0.00028
      0.49710      0.00029
      0.49827      0.00029
      0.49944      0.00029
      0.50061      0.00028
      0.50177      0.00027
      0.50294      0.00025
      0.50411      0.00024
      0.50528      0.00024
      0.50645      0.00023
      0.50761      0.00024
      0.50878      0.00025
      0.50995      0.00027
      0.51112      0.00030
      0.51228      0.00033
      0.51345      0.00035
      0.51462      0.00038
      0.51579      0.00039
      0.51695      0.00040
      0.51812      0.00039
      0.51929      0.00038
      0.52046      0.00035
      0.52162      0.00032
      0.52279      0.00029
      0.52396      0.00025
      0.52513      0.00021
      0.52630      0.00017
      0.52746      0.00014
      0.52863      0.00011
      0.52980      0.00009
      0.53097      0.00008
      0.53213      0.00007
      0.53330      0.00007
      0.53447      0.00008
      0.53564      0.00010
      0.53680      0.00013
      0.53797      0.00016
      0.53914      0.00019
      0.54031      0.00023
      0.54147      0.00027
      0.54264      0.00031
      0.54381      0.00035
      0.54498      0.00037
      0.54614      0.00039
      0.54731      0.00040
      0.54848      0.00039
      0.54965      0.00038
      0.55082      0.00035
      0.55198      0.00032
      0.55315      0.00028
      0.55432      0.00024
      0.55549      0.00020
      0.55665      0.00016
      0.55782      0.00013
      0.55899      0.00010
      0.56016      0.00008
      0.56132      0.00006
      0.56249      0.00004
      0.56366      0.00003
      0.56483      0.00002
      0.56599      0.00002
