#     PDOS  atom 5 o  (Mulliken)
#     E - Ef       total           s           p           d
# Ef =         0.3840051700
     -0.83401      0.00000      0.00000      0.00000      0.00000
     -0.83284      0.00000      0.00000      0.00000      0.00000
     -0.83167      0.00000      0.00000      0.00000      0.00000
     -0.83050      0.00000      0.00000      0.00000      0.00000
     -0.82933      0.00000      0.00000      0.00000      0.00000
     -0.82817      0.00000      0.00000      0.00000      0.00000
     -0.82700      0.00000      0.00000      0.00000      0.00000
     -0.82583      0.00000      0.00000      0.00000      0.00000
     -0.82466      0.00000      0.00000      0.00000      0.00000
     -0.82350      0.00000      0.00000      0.00000      0.00000
     -0.82233      0.00000      0.00000      0.00000      0.00000
     -0.82116      0.00000      0.00000      0.00000      0.00000
     -0.81999      0.00000      0.00000      0.00000      0.00000
     -0.81883      0.00000      0.00000      0.00000      0.00000
     -0.81766      0.00000      0.00000      0.00000      0.00000
     -0.81649      0.00000      0.00000      0.00000      0.00000
     -0.81532      0.00000      0.00000      0.00000      0.00000
     -0.81416      0.00000      0.00000      0.00000      0.00000
     -0.81299      0.00000      0.00000      0.00000      0.00000
     -0.81182      0.00000      0.00000      0.00000      0.00000
     -0.81065      0.00000      0.00000      0.00000      0.00000
     -0.80948      0.00000      0.00000      0.00000      0.00000
     -0.80832      0.00000      0.00000      0.00000      0.00000
     -0.80715      0.00000      0.00000      0.00000      0.00000
     -0.80598      0.00000      0.00000      0.00000      0.00000
     -0.80481      0.00000      0.00000      0.00000      0.00000
     -0.80365      0.00000      0.00000      0.00000      0.00000
     -0.80248      0.00000      0.00000      0.00000      0.00000
     -0.80131      0.00000      0.00000      0.00000      0.00000
     -0.80014      0.00000      0.00000      0.00000      0.00000
     -0.79898      0.00000      0.00000      0.00000      0.00000
     -0.79781      0.00000      0.00000      0.00000      0.00000
     -0.79664      0.00000      0.00000      0.00000      0.00000
     -0.79547      0.00000      0.00000      0.00000      0.00000
     -0.79431      0.00000      0.00000      0.00000      0.00000
     -0.79314      0.00000      0.00000      0.00000      0.00000
     -0.79197      0.00000      0.00000      0.00000      0.00000
     -0.79080      0.00000      0.00000      0.00000      0.00000
     -0.78963      0.00000      0.00000      0.00000      0.00000
     -0.78847      0.00000      0.00000      0.00000      0.00000
     -0.78730      0.00000      0.00000      0.00000      0.00000
     -0.78613      0.00000      0.00000      0.00000      0.00000
     -0.78496      0.00000      0.00000      0.00000      0.00000
     -0.78380      0.00000      0.00000      0.00000      0.00000
     -0.78263      0.00000      0.00000      0.00000      0.00000
     -0.78146      0.00000      0.00000      0.00000      0.00000
     -0.78029      0.00000      0.00000      0.00000      0.00000
     -0.77913      0.00000      0.00000      0.00000      0.00000
     -0.77796      0.00000      0.00000      0.00000      0.00000
     -0.77679      0.00000      0.00000      0.00000      0.00000
     -0.77562      0.00000      0.00000      0.00000      0.00000
     -0.77446      0.00000      0.00000      0.00000      0.00000
     -0.77329      0.00000      0.00000      0.00000      0.00000
     -0.77212      0.00000      0.00000      0.00000      0.00000
     -0.77095      0.00000      0.00000      0.00000      0.00000
     -0.76978      0.00000      0.00000      0.00000      0.00000
     -0.76862      0.00000      0.00000      0.00000      0.00000
     -0.76745      0.00000      0.00000      0.00000      0.00000
     -0.76628      0.00000      0.00000      0.00000      0.00000
     -0.76511      0.00000      0.00000      0.00000      0.00000
     -0.76395      0.00000      0.00000      0.00000      0.00000
     -0.76278      0.00000      0.00000      0.00000      0.00000
     -0.76161      0.00000      0.00000      0.00000      0.00000
     -0.76044      0.00000      0.00000      0.00000      0.00000
     -0.75928      0.00000      0.00000      0.00000      0.00000
     -0.75811      0.00000      0.00000      0.00000      0.00000
     -0.75694      0.00000      0.00000      0.00000      0.00000
     -0.75577      0.00000      0.00000      0.00000      0.00000
     -0.75461      0.00000      0.00000      0.00000      0.00000
     -0.75344      0.00000      0.00000      0.00000      0.00000
     -0.75227      0.00000      0.00000      0.00000      0.00000
     -0.75110      0.00000      0.00000      0.00000      0.00000
     -0.74994      0.00000      0.00000      0.00000      0.00000
     -0.74877      0.00000      0.00000      0.00000      0.00000
     -0.74760      0.00000      0.00000      0.00000      0.00000
     -0.74643      0.00000      0.00000      0.00000      0.00000
     -0.74526      0.00000      0.00000      0.00000      0.00000
     -0.74410      0.00000      0.00000      0.00000      0.00000
     -0.74293      0.00000      0.00000      0.00000      0.00000
     -0.74176      0.00000      0.00000      0.00000      0.00000
     -0.74059      0.00000      0.00000      0.00000      0.00000
     -0.73943      0.00000      0.00000      0.00000      0.00000
     -0.73826      0.00018      0.00018      0.00000     -0.00000
     -0.73709      0.00033      0.00033      0.00000     -0.00000
     -0.73592      0.00060      0.00060      0.00000     -0.00000
     -0.73476      0.00106      0.00106      0.00000     -0.00000
     -0.73359      0.00181      0.00181      0.00000     -0.00000
     -0.73242      0.00302      0.00302      0.00000     -0.00000
     -0.73125      0.00683      0.00683      0.00000      0.00000
     -0.73009      0.01126      0.01126      0.00000      0.00000
     -0.72892      0.01812      0.01811      0.00001      0.00000
     -0.72775      0.02847      0.02846      0.00002      0.00000
     -0.72658      0.04372      0.04370      0.00003      0.00000
     -0.72541      0.06560      0.06556      0.00004      0.00000
     -0.72425      0.09620      0.09613      0.00007      0.00000
     -0.72308      0.13786      0.13776      0.00010      0.00000
     -0.72191      0.19308      0.19292      0.00016      0.00000
     -0.72074      0.26420      0.26397      0.00023      0.00000
     -0.71958      0.35315      0.35283      0.00032      0.00000
     -0.71841      0.46098      0.46054      0.00044      0.00000
     -0.71724      0.58743      0.58684      0.00059      0.00000
     -0.71607      0.73709      0.73631      0.00078      0.00000
     -0.71491      0.89822      0.89722      0.00099      0.00000
     -0.71374      1.06966      1.06842      0.00124      0.00001
     -0.71257      1.24562      1.24412      0.00150      0.00001
     -0.71140      1.41993      1.41813      0.00179      0.00001
     -0.71024      1.58711      1.58500      0.00210      0.00001
     -0.70907      1.74367      1.74121      0.00244      0.00001
     -0.70790      1.88915      1.88632      0.00282      0.00002
     -0.70673      2.02697      2.02370      0.00325      0.00002
     -0.70556      2.16443      2.16064      0.00377      0.00003
     -0.70440      2.31737      2.31292      0.00441      0.00003
     -0.70323      2.49147      2.48624      0.00518      0.00004
     -0.70206      2.70184      2.69566      0.00612      0.00006
     -0.70089      2.95771      2.95041      0.00723      0.00007
     -0.69973      3.26296      3.25437      0.00850      0.00009
     -0.69856      3.61452      3.60450      0.00991      0.00011
     -0.69739      4.00197      3.99044      0.01141      0.00013
     -0.69622      4.41016      4.39708      0.01293      0.00015
     -0.69506      4.82215      4.80756      0.01441      0.00018
     -0.69389      5.21190      5.19592      0.01577      0.00020
     -0.69272      5.56578      5.54858      0.01696      0.00023
     -0.69155      5.87400      5.85578      0.01795      0.00026
     -0.69039      6.13435      6.11532      0.01874      0.00030
     -0.68922      6.35580      6.33613      0.01934      0.00033
     -0.68805      6.56351      6.54332      0.01982      0.00038
     -0.68688      6.76067      6.74003      0.02022      0.00043
     -0.68571      6.98154      6.96044      0.02061      0.00049
     -0.68455      7.23745      7.21585      0.02105      0.00055
     -0.68338      7.54397      7.52178      0.02157      0.00062
     -0.68221      7.92547      7.90256      0.02221      0.00070
     -0.68104      8.38898      8.36522      0.02296      0.00080
     -0.67988      8.93991      8.91518      0.02383      0.00090
     -0.67871      9.58254      9.55673      0.02480      0.00101
     -0.67754     10.34110     10.31412      0.02584      0.00114
     -0.67637     11.20722     11.17901      0.02693      0.00128
     -0.67521     12.19863     12.16914      0.02805      0.00144
     -0.67404     13.32366     13.29287      0.02916      0.00163
     -0.67287     14.58645     14.55438      0.03024      0.00184
     -0.67170     15.98466     15.95136      0.03123      0.00207
     -0.67054     17.50759     17.47318      0.03209      0.00232
     -0.66937     19.13525     19.09990      0.03276      0.00259
     -0.66820     20.82455     20.78854      0.03314      0.00287
     -0.66703     22.57065     22.53419      0.03330      0.00316
     -0.66587     24.30517     24.26861      0.03312      0.00343
     -0.66470     25.97698     25.94070      0.03260      0.00369
     -0.66353     27.52957     27.49393      0.03172      0.00391
     -0.66236     28.90243     28.86782      0.03052      0.00410
     -0.66119     30.03273     29.99949      0.02902      0.00423
     -0.66003     30.85743     30.82587      0.02727      0.00429
     -0.65886     31.31645     31.28683      0.02532      0.00430
     -0.65769     31.35712     31.32965      0.02324      0.00423
     -0.65652     30.92253     30.89741      0.02103      0.00409
     -0.65536     30.03438     30.01163      0.01886      0.00390
     -0.65419     28.66857     28.64823      0.01669      0.00364
     -0.65302     26.85898     26.84105      0.01458      0.00334
     -0.65185     24.66804     24.65247      0.01256      0.00300
     -0.65069     22.18374     22.17043      0.01066      0.00265
     -0.64952     19.51290     19.50171      0.00890      0.00229
     -0.64835     16.76446     16.75524      0.00730      0.00193
     -0.64718     14.05137     14.04395      0.00583      0.00159
     -0.64602     11.50886     11.50297      0.00462      0.00128
     -0.64485      9.18845      9.18386      0.00358      0.00101
     -0.64368      7.14700      7.14352      0.00271      0.00077
     -0.64251      5.41356      5.41097      0.00201      0.00058
     -0.64134      3.99164      3.98977      0.00145      0.00042
     -0.64018      2.83166      2.83040      0.00097      0.00030
     -0.63901      1.98139      1.98051      0.00067      0.00021
     -0.63784      1.33232      1.33174      0.00045      0.00013
     -0.63667      0.88266      0.88228      0.00029      0.00009
     -0.63551      0.56816      0.56792      0.00019      0.00006
     -0.63434      0.35533      0.35518      0.00012      0.00004
     -0.63317      0.19791      0.19783      0.00006      0.00002
     -0.63200      0.09779      0.09776      0.00003      0.00001
     -0.63084      0.05387      0.05385      0.00002      0.00000
     -0.62967      0.00000      0.00000      0.00000      0.00000
     -0.62850      0.00000      0.00000      0.00000      0.00000
     -0.62733      0.00000      0.00000      0.00000      0.00000
     -0.62617      0.00000      0.00000      0.00000      0.00000
     -0.62500      0.00000      0.00000      0.00000      0.00000
     -0.62383      0.00000      0.00000      0.00000      0.00000
     -0.62266      0.00000      0.00000      0.00000      0.00000
     -0.62149      0.00000      0.00000      0.00000      0.00000
     -0.62033      0.00000      0.00000      0.00000      0.00000
     -0.61916      0.00000      0.00000      0.00000      0.00000
     -0.61799      0.00000      0.00000      0.00000      0.00000
     -0.61682      0.00000      0.00000      0.00000      0.00000
     -0.61566      0.00000      0.00000      0.00000      0.00000
     -0.61449      0.00000      0.00000      0.00000      0.00000
     -0.61332      0.00000      0.00000      0.00000      0.00000
     -0.61215      0.00000      0.00000      0.00000      0.00000
     -0.61099      0.00000      0.00000      0.00000      0.00000
     -0.60982      0.00000      0.00000      0.00000      0.00000
     -0.60865      0.00000      0.00000      0.00000      0.00000
     -0.60748      0.00000      0.00000      0.00000      0.00000
     -0.60632      0.00000      0.00000      0.00000      0.00000
     -0.60515      0.00000      0.00000      0.00000      0.00000
     -0.60398      0.00000      0.00000      0.00000      0.00000
     -0.60281      0.00000      0.00000      0.00000      0.00000
     -0.60164      0.00000      0.00000      0.00000      0.00000
     -0.60048      0.00000      0.00000      0.00000      0.00000
     -0.59931      0.00000      0.00000      0.00000      0.00000
     -0.59814      0.00000      0.00000      0.00000      0.00000
     -0.59697      0.00000      0.00000      0.00000      0.00000
     -0.59581      0.00000      0.00000      0.00000      0.00000
     -0.59464      0.00000      0.00000      0.00000      0.00000
     -0.59347      0.00000      0.00000      0.00000      0.00000
     -0.59230      0.00000      0.00000      0.00000      0.00000
     -0.59114      0.00000      0.00000      0.00000      0.00000
     -0.58997      0.00000      0.00000      0.00000      0.00000
     -0.58880      0.00000      0.00000      0.00000      0.00000
     -0.58763      0.00000      0.00000      0.00000      0.00000
     -0.58647      0.00000      0.00000      0.00000      0.00000
     -0.58530      0.00000      0.00000      0.00000      0.00000
     -0.58413      0.00000      0.00000      0.00000      0.00000
     -0.58296      0.00000      0.00000      0.00000      0.00000
     -0.58179      0.00000      0.00000      0.00000      0.00000
     -0.58063      0.00000      0.00000      0.00000      0.00000
     -0.57946      0.00000      0.00000      0.00000      0.00000
     -0.57829      0.00000      0.00000      0.00000      0.00000
     -0.57712      0.00000      0.00000      0.00000      0.00000
     -0.57596      0.00000      0.00000      0.00000      0.00000
     -0.57479      0.00000      0.00000      0.00000      0.00000
     -0.57362      0.00000      0.00000      0.00000      0.00000
     -0.57245      0.00000      0.00000      0.00000      0.00000
     -0.57129      0.00000      0.00000      0.00000      0.00000
     -0.57012      0.00000      0.00000      0.00000      0.00000
     -0.56895      0.00000      0.00000      0.00000      0.00000
     -0.56778      0.00000      0.00000      0.00000      0.00000
     -0.56662      0.00000      0.00000      0.00000      0.00000
     -0.56545      0.00000      0.00000      0.00000      0.00000
     -0.56428      0.00000      0.00000      0.00000      0.00000
     -0.56311      0.00000      0.00000      0.00000      0.00000
     -0.56195      0.00000      0.00000      0.00000      0.00000
     -0.56078      0.00000      0.00000      0.00000      0.00000
     -0.55961      0.00000      0.00000      0.00000      0.00000
     -0.55844      0.00000      0.00000      0.00000      0.00000
     -0.55727      0.00000      0.00000      0.00000      0.00000
     -0.55611      0.00000      0.00000      0.00000      0.00000
     -0.55494      0.00000      0.00000      0.00000      0.00000
     -0.55377      0.00000      0.00000      0.00000      0.00000
     -0.55260      0.00000      0.00000      0.00000      0.00000
     -0.55144      0.00000      0.00000      0.00000      0.00000
     -0.55027      0.00000      0.00000      0.00000      0.00000
     -0.54910      0.00000      0.00000      0.00000      0.00000
     -0.54793      0.00000      0.00000      0.00000      0.00000
     -0.54677      0.00000      0.00000      0.00000      0.00000
     -0.54560      0.00000      0.00000      0.00000      0.00000
     -0.54443      0.00000      0.00000      0.00000      0.00000
     -0.54326      0.00000      0.00000      0.00000      0.00000
     -0.54210      0.00000      0.00000      0.00000      0.00000
     -0.54093      0.00000      0.00000      0.00000      0.00000
     -0.53976      0.00000      0.00000      0.00000      0.00000
     -0.53859      0.00000      0.00000      0.00000      0.00000
     -0.53742      0.00000      0.00000      0.00000      0.00000
     -0.53626      0.00000      0.00000      0.00000      0.00000
     -0.53509      0.00000      0.00000      0.00000      0.00000
     -0.53392      0.00000      0.00000      0.00000      0.00000
     -0.53275      0.00000      0.00000      0.00000      0.00000
     -0.53159      0.00000      0.00000      0.00000      0.00000
     -0.53042      0.00000      0.00000      0.00000      0.00000
     -0.52925      0.00000      0.00000      0.00000      0.00000
     -0.52808      0.00000      0.00000      0.00000      0.00000
     -0.52692      0.00000      0.00000      0.00000      0.00000
     -0.52575      0.00000      0.00000      0.00000      0.00000
     -0.52458      0.00000      0.00000      0.00000      0.00000
     -0.52341      0.00000      0.00000      0.00000      0.00000
     -0.52225      0.00000      0.00000      0.00000      0.00000
     -0.52108      0.00000      0.00000      0.00000      0.00000
     -0.51991      0.00000      0.00000      0.00000      0.00000
     -0.51874      0.00000      0.00000      0.00000      0.00000
     -0.51757      0.00000      0.00000      0.00000      0.00000
     -0.51641      0.00000      0.00000      0.00000      0.00000
     -0.51524      0.00000      0.00000      0.00000      0.00000
     -0.51407      0.00000      0.00000      0.00000      0.00000
     -0.51290      0.00000      0.00000      0.00000      0.00000
     -0.51174      0.00000      0.00000      0.00000      0.00000
     -0.51057      0.00000      0.00000      0.00000      0.00000
     -0.50940      0.00000      0.00000      0.00000      0.00000
     -0.50823      0.00000      0.00000      0.00000      0.00000
     -0.50707      0.00000      0.00000      0.00000      0.00000
     -0.50590      0.00000      0.00000      0.00000      0.00000
     -0.50473      0.00000      0.00000      0.00000      0.00000
     -0.50356      0.00000      0.00000      0.00000      0.00000
     -0.50240      0.00000      0.00000      0.00000      0.00000
     -0.50123      0.00000      0.00000      0.00000      0.00000
     -0.50006      0.00000      0.00000      0.00000      0.00000
     -0.49889      0.00000      0.00000      0.00000      0.00000
     -0.49772      0.00000      0.00000      0.00000      0.00000
     -0.49656      0.00000      0.00000      0.00000      0.00000
     -0.49539      0.00000      0.00000      0.00000      0.00000
     -0.49422      0.00000      0.00000      0.00000      0.00000
     -0.49305      0.00000      0.00000      0.00000      0.00000
     -0.49189      0.00000      0.00000      0.00000      0.00000
     -0.49072      0.00000      0.00000      0.00000      0.00000
     -0.48955      0.00000      0.00000      0.00000      0.00000
     -0.48838      0.00000      0.00000      0.00000      0.00000
     -0.48722      0.00000      0.00000      0.00000      0.00000
     -0.48605      0.00000      0.00000      0.00000      0.00000
     -0.48488      0.00000      0.00000      0.00000      0.00000
     -0.48371      0.00000      0.00000      0.00000      0.00000
     -0.48255      0.00000      0.00000      0.00000      0.00000
     -0.48138      0.00000      0.00000      0.00000      0.00000
     -0.48021      0.00000      0.00000      0.00000      0.00000
     -0.47904      0.00000      0.00000      0.00000      0.00000
     -0.47788      0.00000      0.00000      0.00000      0.00000
     -0.47671      0.00000      0.00000      0.00000      0.00000
     -0.47554      0.00000      0.00000      0.00000      0.00000
     -0.47437      0.00000      0.00000      0.00000      0.00000
     -0.47320      0.00000      0.00000      0.00000      0.00000
     -0.47204      0.00000      0.00000      0.00000      0.00000
     -0.47087      0.00000      0.00000      0.00000      0.00000
     -0.46970      0.00000      0.00000      0.00000      0.00000
     -0.46853      0.00000      0.00000      0.00000      0.00000
     -0.46737      0.00000      0.00000      0.00000      0.00000
     -0.46620      0.00000      0.00000      0.00000      0.00000
     -0.46503      0.00000      0.00000      0.00000      0.00000
     -0.46386      0.00000      0.00000      0.00000      0.00000
     -0.46270      0.00000      0.00000      0.00000      0.00000
     -0.46153      0.00000      0.00000      0.00000      0.00000
     -0.46036      0.00000      0.00000      0.00000      0.00000
     -0.45919      0.00000      0.00000      0.00000      0.00000
     -0.45803      0.00000      0.00000      0.00000      0.00000
     -0.45686      0.00000      0.00000      0.00000      0.00000
     -0.45569      0.00000      0.00000      0.00000      0.00000
     -0.45452      0.00000      0.00000      0.00000      0.00000
     -0.45335      0.00000      0.00000      0.00000      0.00000
     -0.45219      0.00000      0.00000      0.00000      0.00000
     -0.45102      0.00000      0.00000      0.00000      0.00000
     -0.44985      0.00000      0.00000      0.00000      0.00000
     -0.44868      0.00000      0.00000      0.00000      0.00000
     -0.44752      0.00000      0.00000      0.00000      0.00000
     -0.44635      0.00000      0.00000      0.00000      0.00000
     -0.44518      0.00000      0.00000      0.00000      0.00000
     -0.44401      0.00000      0.00000      0.00000      0.00000
     -0.44285      0.00000      0.00000      0.00000      0.00000
     -0.44168      0.00000      0.00000      0.00000      0.00000
     -0.44051      0.00000      0.00000      0.00000      0.00000
     -0.43934      0.00000      0.00000      0.00000      0.00000
     -0.43818      0.00000      0.00000      0.00000      0.00000
     -0.43701      0.00000      0.00000      0.00000      0.00000
     -0.43584      0.00000      0.00000      0.00000      0.00000
     -0.43467      0.00000      0.00000      0.00000      0.00000
     -0.43350      0.00000      0.00000      0.00000      0.00000
     -0.43234      0.00000      0.00000      0.00000      0.00000
     -0.43117      0.00000      0.00000      0.00000      0.00000
     -0.43000      0.00000      0.00000      0.00000      0.00000
     -0.42883      0.00000      0.00000      0.00000      0.00000
     -0.42767      0.00000      0.00000      0.00000      0.00000
     -0.42650      0.00000      0.00000      0.00000      0.00000
     -0.42533      0.00000      0.00000      0.00000      0.00000
     -0.42416      0.00000      0.00000      0.00000      0.00000
     -0.42300      0.00000      0.00000      0.00000      0.00000
     -0.42183      0.00000      0.00000      0.00000      0.00000
     -0.42066      0.00000      0.00000      0.00000      0.00000
     -0.41949      0.00000      0.00000      0.00000      0.00000
     -0.41833      0.00000      0.00000      0.00000      0.00000
     -0.41716      0.00000      0.00000      0.00000      0.00000
     -0.41599      0.00000      0.00000      0.00000      0.00000
     -0.41482      0.00000      0.00000      0.00000      0.00000
     -0.41365      0.00000      0.00000      0.00000      0.00000
     -0.41249      0.00000      0.00000      0.00000      0.00000
     -0.41132      0.00000      0.00000      0.00000      0.00000
     -0.41015      0.00000      0.00000      0.00000      0.00000
     -0.40898      0.00000      0.00000      0.00000      0.00000
     -0.40782      0.00000      0.00000      0.00000      0.00000
     -0.40665      0.00000      0.00000      0.00000      0.00000
     -0.40548      0.00000      0.00000      0.00000      0.00000
     -0.40431      0.00000      0.00000      0.00000      0.00000
     -0.40315      0.00000      0.00000      0.00000      0.00000
     -0.40198      0.00000      0.00000      0.00000      0.00000
     -0.40081      0.00000      0.00000      0.00000      0.00000
     -0.39964      0.00000      0.00000      0.00000      0.00000
     -0.39848      0.00000      0.00000      0.00000      0.00000
     -0.39731      0.00000      0.00000      0.00000      0.00000
     -0.39614      0.00000      0.00000      0.00000      0.00000
     -0.39497      0.00000      0.00000      0.00000      0.00000
     -0.39381      0.00000      0.00000      0.00000      0.00000
     -0.39264      0.00000      0.00000      0.00000      0.00000
     -0.39147      0.00000      0.00000      0.00000      0.00000
     -0.39030      0.00000      0.00000      0.00000      0.00000
     -0.38913      0.00000      0.00000      0.00000      0.00000
     -0.38797      0.00000      0.00000      0.00000      0.00000
     -0.38680      0.00000      0.00000      0.00000      0.00000
     -0.38563      0.00000      0.00000      0.00000      0.00000
     -0.38446      0.00000      0.00000      0.00000      0.00000
     -0.38330      0.00000      0.00000      0.00000      0.00000
     -0.38213      0.00000      0.00000      0.00000      0.00000
     -0.38096      0.00000      0.00000      0.00000      0.00000
     -0.37979      0.00000      0.00000      0.00000      0.00000
     -0.37863      0.00000      0.00000      0.00000      0.00000
     -0.37746      0.00000      0.00000      0.00000      0.00000
     -0.37629      0.00000      0.00000      0.00000      0.00000
     -0.37512      0.00000      0.00000      0.00000      0.00000
     -0.37396      0.00000      0.00000      0.00000      0.00000
     -0.37279      0.00000      0.00000      0.00000      0.00000
     -0.37162      0.00000      0.00000      0.00000      0.00000
     -0.37045      0.00000      0.00000      0.00000      0.00000
     -0.36928      0.00000      0.00000      0.00000      0.00000
     -0.36812      0.00000      0.00000      0.00000      0.00000
     -0.36695      0.00000      0.00000      0.00000      0.00000
     -0.36578      0.00000      0.00000      0.00000      0.00000
     -0.36461      0.00000      0.00000      0.00000      0.00000
     -0.36345      0.00000      0.00000      0.00000      0.00000
     -0.36228      0.00000      0.00000      0.00000      0.00000
     -0.36111      0.00000      0.00000      0.00000      0.00000
     -0.35994      0.00000      0.00000      0.00000      0.00000
     -0.35878      0.00000      0.00000      0.00000      0.00000
     -0.35761      0.00000      0.00000      0.00000      0.00000
     -0.35644      0.00000      0.00000      0.00000      0.00000
     -0.35527      0.00000      0.00000      0.00000      0.00000
     -0.35411      0.00000      0.00000      0.00000      0.00000
     -0.35294      0.00000      0.00000      0.00000      0.00000
     -0.35177      0.00000      0.00000      0.00000      0.00000
     -0.35060      0.00000      0.00000      0.00000      0.00000
     -0.34943      0.00000      0.00000      0.00000      0.00000
     -0.34827      0.00000      0.00000      0.00000      0.00000
     -0.34710      0.00000      0.00000      0.00000      0.00000
     -0.34593      0.00000      0.00000      0.00000      0.00000
     -0.34476      0.00000      0.00000      0.00000      0.00000
     -0.34360      0.00000      0.00000      0.00000      0.00000
     -0.34243      0.00000      0.00000      0.00000      0.00000
     -0.34126      0.00000      0.00000      0.00000      0.00000
     -0.34009      0.00000      0.00000      0.00000      0.00000
     -0.33893      0.00000      0.00000      0.00000      0.00000
     -0.33776      0.00000      0.00000      0.00000      0.00000
     -0.33659      0.00000      0.00000      0.00000      0.00000
     -0.33542      0.00000      0.00000      0.00000      0.00000
     -0.33426      0.00000      0.00000      0.00000      0.00000
     -0.33309      0.00000      0.00000      0.00000      0.00000
     -0.33192      0.00000      0.00000      0.00000      0.00000
     -0.33075      0.00000      0.00000      0.00000      0.00000
     -0.32958      0.00000      0.00000      0.00000      0.00000
     -0.32842      0.00000      0.00000      0.00000      0.00000
     -0.32725      0.00000      0.00000      0.00000      0.00000
     -0.32608      0.00000      0.00000      0.00000      0.00000
     -0.32491      0.00000      0.00000      0.00000      0.00000
     -0.32375      0.00000      0.00000      0.00000      0.00000
     -0.32258      0.00000      0.00000      0.00000      0.00000
     -0.32141      0.00000      0.00000      0.00000      0.00000
     -0.32024      0.00000      0.00000      0.00000      0.00000
     -0.31908      0.00000      0.00000      0.00000      0.00000
     -0.31791      0.00000      0.00000      0.00000      0.00000
     -0.31674      0.00000      0.00000      0.00000      0.00000
     -0.31557      0.00000      0.00000      0.00000      0.00000
     -0.31441      0.00000      0.00000      0.00000      0.00000
     -0.31324      0.00000      0.00000      0.00000      0.00000
     -0.31207      0.00000      0.00000      0.00000      0.00000
     -0.31090      0.00000      0.00000      0.00000      0.00000
     -0.30973      0.00000      0.00000      0.00000      0.00000
     -0.30857      0.00000      0.00000      0.00000      0.00000
     -0.30740      0.00000      0.00000      0.00000      0.00000
     -0.30623      0.00000      0.00000      0.00000      0.00000
     -0.30506      0.00000      0.00000      0.00000      0.00000
     -0.30390      0.00000      0.00000      0.00000      0.00000
     -0.30273      0.00000      0.00000      0.00000      0.00000
     -0.30156      0.00000      0.00000      0.00000      0.00000
     -0.30039      0.00000      0.00000      0.00000      0.00000
     -0.29923      0.00000      0.00000      0.00000      0.00000
     -0.29806      0.00000      0.00000      0.00000      0.00000
     -0.29689      0.00000      0.00000      0.00000      0.00000
     -0.29572      0.00000      0.00000      0.00000      0.00000
     -0.29456      0.00000      0.00000      0.00000      0.00000
     -0.29339      0.00000      0.00000      0.00000      0.00000
     -0.29222      0.00000      0.00000      0.00000      0.00000
     -0.29105      0.00000      0.00000      0.00000      0.00000
     -0.28989      0.00000      0.00000      0.00000      0.00000
     -0.28872      0.00000      0.00000      0.00000      0.00000
     -0.28755      0.00000      0.00000      0.00000      0.00000
     -0.28638      0.00000      0.00000      0.00000      0.00000
     -0.28521      0.00000      0.00000      0.00000      0.00000
     -0.28405      0.00000      0.00000      0.00000      0.00000
     -0.28288      0.00000      0.00000      0.00000      0.00000
     -0.28171      0.00000      0.00000      0.00000      0.00000
     -0.28054      0.00000      0.00000      0.00000      0.00000
     -0.27938      0.00000      0.00000      0.00000      0.00000
     -0.27821      0.00000      0.00000      0.00000      0.00000
     -0.27704      0.00390      0.00001      0.00389      0.00000
     -0.27587      0.00730      0.00002      0.00727      0.00001
     -0.27471      0.01325      0.00003      0.01321      0.00001
     -0.27354      0.02336      0.00005      0.02329      0.00002
     -0.27237      0.03998      0.00009      0.03986      0.00004
     -0.27120      0.06644      0.00014      0.06623      0.00007
     -0.27004      0.10720      0.00023      0.10686      0.00011
     -0.26887      0.16792      0.00036      0.16739      0.00017
     -0.26770      0.25538      0.00054      0.25458      0.00026
     -0.26653      0.37882      0.00082      0.37762      0.00038
     -0.26536      0.54386      0.00119      0.54213      0.00055
     -0.26420      0.75841      0.00167      0.75597      0.00077
     -0.26303      1.02739      0.00228      1.02407      0.00104
     -0.26186      1.35225      0.00304      1.34785      0.00136
     -0.26069      1.72968      0.00395      1.72399      0.00174
     -0.25953      2.15073      0.00502      2.14356      0.00215
     -0.25836      2.60712      0.00625      2.59827      0.00260
     -0.25719      3.07132      0.00762      3.06066      0.00304
     -0.25602      3.52485      0.00911      3.51228      0.00346
     -0.25486      3.94962      0.01074      3.93503      0.00386
     -0.25369      4.32145      0.01248      4.30480      0.00418
     -0.25252      4.64062      0.01449      4.62169      0.00444
     -0.25135      4.89028      0.01662      4.86904      0.00462
     -0.25019      5.08422      0.01897      5.06050      0.00475
     -0.24902      5.24128      0.02162      5.21481      0.00485
     -0.24785      5.38971      0.02462      5.36010      0.00498
     -0.24668      5.56445      0.02806      5.53119      0.00520
     -0.24551      5.81232      0.03205      5.77467      0.00560
     -0.24435      6.16051      0.03668      6.11760      0.00623
     -0.24318      6.64773      0.04207      6.59850      0.00717
     -0.24201      7.30022      0.04834      7.24339      0.00849
     -0.24084      8.13664      0.05570      8.07068      0.01026
     -0.23968      9.15495      0.06413      9.07833      0.01249
     -0.23851     10.34480      0.07369     10.25590      0.01520
     -0.23734     11.67919      0.08435     11.57649      0.01836
     -0.23617     13.11728      0.09592     12.99946      0.02190
     -0.23501     14.60672      0.10810     14.47290      0.02573
     -0.23384     16.08752      0.12046     15.93733      0.02973
     -0.23267     17.50247      0.13267     17.33605      0.03376
     -0.23150     18.78485      0.14397     18.60321      0.03767
     -0.23034     19.88645      0.15401     19.69113      0.04131
     -0.22917     20.75189      0.16240     20.54496      0.04454
     -0.22800     21.39790      0.16912     21.18153      0.04726
     -0.22683     21.78863      0.17421     21.56508      0.04934
     -0.22566     21.93012      0.17800     21.70141      0.05071
     -0.22450     21.83840      0.18099     21.60610      0.05131
     -0.22333     21.53593      0.18376     21.30107      0.05110
     -0.22216     21.04817      0.18685     20.81123      0.05009
     -0.22099     20.40108      0.19069     20.16209      0.04829
     -0.21983     19.61960      0.19550     19.37833      0.04578
     -0.21866     18.71872      0.20110     18.47497      0.04265
     -0.21749     17.74131      0.20744     17.49484      0.03904
     -0.21632     16.69463      0.21380     16.44573      0.03510
     -0.21516     15.59922      0.21948     15.34873      0.03101
     -0.21399     14.47394      0.22372     14.22327      0.02694
     -0.21282     13.33532      0.22577     13.08652      0.02303
     -0.21165     12.19708      0.22499     11.95269      0.01941
     -0.21049     11.05790      0.22087     10.82090      0.01614
     -0.20932      9.95552      0.21333      9.72890      0.01329
     -0.20815      8.88479      0.20232      8.67157      0.01089
     -0.20698      7.82635      0.18815      7.62938      0.00883
     -0.20582      6.83618      0.17142      6.65755      0.00722
     -0.20465      5.87177      0.15244      5.71341      0.00592
     -0.20348      5.02031      0.13299      4.88229      0.00503
     -0.20231      4.25035      0.11332      4.13259      0.00445
     -0.20114      3.58885      0.09427      3.49036      0.00422
     -0.19998      3.06044      0.07656      2.97946      0.00442
     -0.19881      2.69573      0.06097      2.62965      0.00511
     -0.19764      2.47560      0.04754      2.42178      0.00628
     -0.19647      2.51168      0.03670      2.46663      0.00835
     -0.19531      2.76503      0.02846      2.72535      0.01123
     -0.19414      3.25124      0.02278      3.21343      0.01503
     -0.19297      3.95577      0.01905      3.91693      0.01979
     -0.19180      4.92412      0.01852      4.88006      0.02554
     -0.19064      6.10254      0.02025      6.05013      0.03215
     -0.18947      7.45640      0.02428      7.39268      0.03945
     -0.18830      8.93386      0.03064      8.85611      0.04711
     -0.18713     10.46756      0.03937     10.37343      0.05476
     -0.18597     11.97858      0.05044     11.86618      0.06195
     -0.18480     13.36886      0.06333     13.23734      0.06819
     -0.18363     14.58836      0.07874     14.43655      0.07307
     -0.18246     15.54127      0.09550     15.36956      0.07621
     -0.18129     16.17121      0.11294     15.98089      0.07738
     -0.18013     16.45895      0.13018     16.25220      0.07657
     -0.17896     16.37475      0.14614     16.15482      0.07378
     -0.17779     15.94399      0.15976     15.71494      0.06929
     -0.17662     15.20765      0.16999     14.97418      0.06348
     -0.17546     14.22711      0.17601     13.99427      0.05682
     -0.17429     13.07926      0.17731     12.85213      0.04982
     -0.17312     11.85107      0.17378     11.63432      0.04298
     -0.17195     10.63385      0.16569     10.43141      0.03676
     -0.17079      9.51773      0.15373      9.33244      0.03157
     -0.16962      8.58614      0.13886      8.41956      0.02771
     -0.16845      7.91918      0.12223      7.77151      0.02544
     -0.16728      7.56245      0.10501      7.43260      0.02485
     -0.16612      7.55288      0.08828      7.43865      0.02596
     -0.16495      7.90012      0.07290      7.79853      0.02869
     -0.16378      8.59104      0.05950      8.49869      0.03285
     -0.16261      9.57253      0.04838      9.48600      0.03815
     -0.16144     10.78185      0.03960     10.69805      0.04421
     -0.16028     12.08390      0.03294     12.00063      0.05033
     -0.15911     13.49172      0.02819     13.40692      0.05662
     -0.15794     14.83912      0.02486     14.75206      0.06220
     -0.15677     16.05575      0.02254     15.96652      0.06670
     -0.15561     17.07757      0.02080     16.98704      0.06974
     -0.15444     17.92688      0.01944     17.83604      0.07140
     -0.15327     18.60410      0.01818     18.51434      0.07158
     -0.15210     19.14421      0.01693     19.05686      0.07042
     -0.15094     19.60714      0.01513     19.52376      0.06825
     -0.14977     20.10062      0.01403     20.02115      0.06545
     -0.14860     20.65796      0.01293     20.58262      0.06241
     -0.14743     21.33078      0.01198     21.25928      0.05952
     -0.14627     22.14057      0.01135     22.07215      0.05706
     -0.14510     23.08990      0.01116     23.02349      0.05525
     -0.14393     24.14334      0.01152     24.07763      0.05419
     -0.14276     25.26650      0.01249     25.20014      0.05387
     -0.14159     26.41859      0.01410     26.35026      0.05423
     -0.14043     27.56583      0.01635     27.49434      0.05513
     -0.13926     28.68764      0.01920     28.61201      0.05643
     -0.13809     29.78256      0.02256     29.70206      0.05794
     -0.13692     30.85181      0.02632     30.76598      0.05951
     -0.13576     31.91809      0.03032     31.82679      0.06098
     -0.13459     32.97758      0.03437     32.88100      0.06221
     -0.13342     34.02948      0.03827     33.92815      0.06306
     -0.13225     35.00135      0.04171     34.89647      0.06318
     -0.13109     35.96836      0.04464     35.86064      0.06308
     -0.12992     36.77969      0.04674     36.67067      0.06228
     -0.12875     37.36324      0.04786     37.25462      0.06077
     -0.12758     37.64811      0.04789     37.54166      0.05856
     -0.12642     37.57931      0.04680     37.47680      0.05571
     -0.12525     37.13089      0.04467     37.03390      0.05232
     -0.12408     36.31435      0.04162     36.22419      0.04853
     -0.12291     35.18037      0.03787     35.09797      0.04453
     -0.12174     33.81651      0.03365     33.74236      0.04051
     -0.12058     32.27952      0.02923     32.21373      0.03655
     -0.11941     30.78503      0.02486     30.72710      0.03306
     -0.11824     29.36912      0.02076     29.31836      0.03000
     -0.11707     28.09420      0.01707     28.04970      0.02743
     -0.11591     26.97334      0.01389     26.93410      0.02535
     -0.11474     26.03989      0.01125     26.00493      0.02371
     -0.11357     25.19451      0.00913     25.16305      0.02233
     -0.11240     24.41987      0.00747     24.39115      0.02125
     -0.11124     23.58208      0.00614     23.55576      0.02018
     -0.11007     22.65844      0.00517     22.63414      0.01913
     -0.10890     21.56941      0.00440     21.54707      0.01794
     -0.10773     20.29833      0.00377     20.27798      0.01658
     -0.10657     18.86019      0.00323     18.84192      0.01505
     -0.10540     17.25642      0.00273     17.24039      0.01330
     -0.10423     15.64053      0.00215     15.62678      0.01161
     -0.10306     14.00818      0.00182     13.99646      0.00991
     -0.10190     12.42193      0.00149     12.41221      0.00824
     -0.10073     11.00799      0.00119     11.00003      0.00677
     -0.09956      9.72317      0.00092      9.71678      0.00547
     -0.09839      8.58128      0.00069      8.57623      0.00435
     -0.09722      7.56234      0.00051      7.55842      0.00342
     -0.09606      6.68402      0.00036      6.68099      0.00267
     -0.09489      5.89807      0.00025      5.89574      0.00208
     -0.09372      5.18199      0.00017      5.18020      0.00162
     -0.09255      4.51779      0.00011      4.51643      0.00126
     -0.09139      3.89448      0.00007      3.89343      0.00098
     -0.09022      3.29661      0.00004      3.29581      0.00076
     -0.08905      2.75483      0.00002      2.75422      0.00059
     -0.08788      2.20926      0.00000      2.20887      0.00038
     -0.08672      1.78027      0.00000      1.77996      0.00030
     -0.08555      1.39852      0.00000      1.39829      0.00023
     -0.08438      1.05581      0.00000      1.05564      0.00017
     -0.08321      0.79008      0.00000      0.78996      0.00012
     -0.08205      0.57515      0.00000      0.57507      0.00009
     -0.08088      0.40733      0.00000      0.40727      0.00006
     -0.07971      0.28067      0.00000      0.28063      0.00004
     -0.07854      0.18817      0.00000      0.18814      0.00003
     -0.07737      0.12275      0.00000      0.12273      0.00002
     -0.07621      0.07791      0.00000      0.07790      0.00001
     -0.07504      0.04812      0.00000      0.04812      0.00001
     -0.07387      0.01454      0.00000      0.01454      0.00000
     -0.07270      0.00890      0.00000      0.00890      0.00000
     -0.07154      0.00529      0.00000      0.00529      0.00000
     -0.07037      0.00000      0.00000      0.00000      0.00000
     -0.06920      0.00000      0.00000      0.00000      0.00000
     -0.06803      0.00000      0.00000      0.00000      0.00000
     -0.06687      0.00000      0.00000      0.00000      0.00000
     -0.06570      0.00000      0.00000      0.00000      0.00000
     -0.06453      0.00000      0.00000      0.00000      0.00000
     -0.06336      0.00000      0.00000      0.00000      0.00000
     -0.06220      0.00000      0.00000      0.00000      0.00000
     -0.06103      0.00000      0.00000      0.00000      0.00000
     -0.05986      0.00000      0.00000      0.00000      0.00000
     -0.05869      0.00000      0.00000      0.00000      0.00000
     -0.05752      0.00000      0.00000      0.00000      0.00000
     -0.05636      0.00000      0.00000      0.00000      0.00000
     -0.05519      0.00000      0.00000      0.00000      0.00000
     -0.05402      0.00000      0.00000      0.00000      0.00000
     -0.05285      0.00000      0.00000      0.00000      0.00000
     -0.05169      0.00000      0.00000      0.00000      0.00000
     -0.05052      0.00000      0.00000      0.00000      0.00000
     -0.04935      0.00000      0.00000      0.00000      0.00000
     -0.04818      0.00000      0.00000      0.00000      0.00000
     -0.04702      0.00000      0.00000      0.00000      0.00000
     -0.04585      0.00000      0.00000      0.00000      0.00000
     -0.04468      0.00000      0.00000      0.00000      0.00000
     -0.04351      0.00000      0.00000      0.00000      0.00000
     -0.04235      0.00000      0.00000      0.00000      0.00000
     -0.04118      0.00000      0.00000      0.00000      0.00000
     -0.04001      0.00000      0.00000      0.00000      0.00000
     -0.03884      0.00000      0.00000      0.00000      0.00000
     -0.03767      0.00000      0.00000      0.00000      0.00000
     -0.03651      0.00000      0.00000      0.00000      0.00000
     -0.03534      0.00000      0.00000      0.00000      0.00000
     -0.03417      0.00000      0.00000      0.00000      0.00000
     -0.03300      0.00000      0.00000      0.00000      0.00000
     -0.03184      0.00000      0.00000      0.00000      0.00000
     -0.03067      0.00000      0.00000      0.00000      0.00000
     -0.02950      0.00000      0.00000      0.00000      0.00000
     -0.02833      0.00000      0.00000      0.00000      0.00000
     -0.02717      0.00000      0.00000      0.00000      0.00000
     -0.02600      0.00000      0.00000      0.00000      0.00000
     -0.02483      0.00000      0.00000      0.00000      0.00000
     -0.02366      0.00000      0.00000      0.00000      0.00000
     -0.02250      0.00000      0.00000      0.00000      0.00000
     -0.02133      0.00000      0.00000      0.00000      0.00000
     -0.02016      0.00000      0.00000      0.00000      0.00000
     -0.01899      0.00000      0.00000      0.00000      0.00000
     -0.01783      0.00000      0.00000      0.00000      0.00000
     -0.01666      0.00000      0.00000      0.00000      0.00000
     -0.01549      0.00000      0.00000      0.00000      0.00000
     -0.01432      0.00000      0.00000      0.00000      0.00000
     -0.01315      0.00000      0.00000      0.00000      0.00000
     -0.01199      0.00000      0.00000      0.00000      0.00000
     -0.01082      0.00000      0.00000      0.00000      0.00000
     -0.00965      0.00000      0.00000      0.00000      0.00000
     -0.00848      0.00000      0.00000      0.00000      0.00000
     -0.00732      0.00000      0.00000      0.00000      0.00000
     -0.00615      0.00000      0.00000      0.00000      0.00000
     -0.00498      0.00000      0.00000      0.00000      0.00000
     -0.00381      0.00000      0.00000      0.00000      0.00000
     -0.00265      0.00000      0.00000      0.00000      0.00000
     -0.00148      0.00000      0.00000      0.00000      0.00000
     -0.00031      0.00000      0.00000      0.00000      0.00000
      0.00086      0.00000      0.00000      0.00000      0.00000
      0.00202      0.00000      0.00000      0.00000      0.00000
      0.00319      0.00000      0.00000      0.00000      0.00000
      0.00436      0.00000      0.00000      0.00000      0.00000
      0.00553      0.00000      0.00000      0.00000      0.00000
      0.00670      0.00000      0.00000      0.00000      0.00000
      0.00786      0.00000      0.00000      0.00000      0.00000
      0.00903      0.00000      0.00000      0.00000      0.00000
      0.01020      0.00000      0.00000      0.00000      0.00000
      0.01137      0.00000      0.00000      0.00000      0.00000
      0.01253      0.00000      0.00000      0.00000      0.00000
      0.01370      0.00000      0.00000      0.00000      0.00000
      0.01487      0.00000      0.00000      0.00000      0.00000
      0.01604      0.00000      0.00000      0.00000      0.00000
      0.01720      0.00000      0.00000      0.00000      0.00000
      0.01837      0.00000      0.00000      0.00000      0.00000
      0.01954      0.00000      0.00000      0.00000      0.00000
      0.02071      0.00000      0.00000      0.00000      0.00000
      0.02187      0.00000      0.00000      0.00000      0.00000
      0.02304      0.00000      0.00000      0.00000      0.00000
      0.02421      0.00000      0.00000      0.00000      0.00000
      0.02538      0.00000      0.00000      0.00000      0.00000
      0.02655      0.00000      0.00000      0.00000      0.00000
      0.02771      0.00000      0.00000      0.00000      0.00000
      0.02888      0.00000      0.00000      0.00000      0.00000
      0.03005      0.00000      0.00000      0.00000      0.00000
      0.03122      0.00000      0.00000      0.00000      0.00000
      0.03238      0.00000      0.00000      0.00000      0.00000
      0.03355      0.00000      0.00000      0.00000      0.00000
      0.03472      0.00000      0.00000      0.00000      0.00000
      0.03589      0.00000      0.00000      0.00000      0.00000
      0.03705      0.00000      0.00000      0.00000      0.00000
      0.03822      0.00000      0.00000      0.00000      0.00000
      0.03939      0.00000      0.00000      0.00000      0.00000
      0.04056      0.00000      0.00000      0.00000      0.00000
      0.04172      0.00000      0.00000      0.00000      0.00000
      0.04289      0.00000      0.00000      0.00000      0.00000
      0.04406      0.00000      0.00000      0.00000      0.00000
      0.04523      0.00000      0.00000      0.00000      0.00000
      0.04640      0.00000      0.00000      0.00000      0.00000
      0.04756      0.00000      0.00000      0.00000      0.00000
      0.04873      0.00000      0.00000      0.00000      0.00000
      0.04990      0.00000      0.00000      0.00000      0.00000
      0.05107      0.00000      0.00000      0.00000      0.00000
      0.05223      0.00000      0.00000      0.00000      0.00000
      0.05340      0.00000      0.00000      0.00000      0.00000
      0.05457      0.00000      0.00000      0.00000      0.00000
      0.05574      0.00000      0.00000      0.00000      0.00000
      0.05690      0.00000      0.00000      0.00000      0.00000
      0.05807      0.00000      0.00000      0.00000      0.00000
      0.05924      0.00000      0.00000      0.00000      0.00000
      0.06041      0.00000      0.00000      0.00000      0.00000
      0.06157      0.00000      0.00000      0.00000      0.00000
      0.06274      0.00000      0.00000      0.00000      0.00000
      0.06391      0.00000      0.00000      0.00000      0.00000
      0.06508      0.00000      0.00000      0.00000      0.00000
      0.06625      0.00000      0.00000      0.00000      0.00000
      0.06741      0.00002      0.00002     -0.00000     -0.00000
      0.06858      0.00003      0.00003     -0.00000     -0.00000
      0.06975      0.00006      0.00006     -0.00000     -0.00000
      0.07092      0.00010      0.00010     -0.00000     -0.00000
      0.07208      0.00017      0.00017     -0.00000     -0.00000
      0.07325      0.00029      0.00029     -0.00000     -0.00000
      0.07442      0.00047      0.00047     -0.00000     -0.00000
      0.07559      0.00073      0.00073     -0.00000     -0.00000
      0.07675      0.00111      0.00111     -0.00000     -0.00000
      0.07792      0.00163      0.00163     -0.00000     -0.00000
      0.07909      0.00233      0.00233     -0.00000     -0.00000
      0.08026      0.00324      0.00324     -0.00000     -0.00000
      0.08142      0.00437      0.00437     -0.00000     -0.00000
      0.08259      0.00573      0.00573     -0.00000     -0.00000
      0.08376      0.00728      0.00728     -0.00000     -0.00000
      0.08493      0.00899      0.00899     -0.00000     -0.00000
      0.08609      0.01077      0.01077     -0.00000     -0.00000
      0.08726      0.01254      0.01254     -0.00000     -0.00000
      0.08843      0.01416      0.01416     -0.00000     -0.00000
      0.08960      0.01554      0.01554     -0.00000     -0.00000
      0.09077      0.01655      0.01655     -0.00000     -0.00000
      0.09193      0.01711      0.01711     -0.00000     -0.00000
      0.09310      0.01718      0.01718     -0.00000     -0.00000
      0.09427      0.01675      0.01675     -0.00000     -0.00000
      0.09544      0.01585      0.01585     -0.00000     -0.00000
      0.09660      0.01457      0.01457     -0.00000     -0.00000
      0.09777      0.01299      0.01299     -0.00000     -0.00000
      0.09894      0.01125      0.01125     -0.00000     -0.00000
      0.10011      0.00980      0.00959      0.00022      0.00000
      0.10127      0.00835      0.00795      0.00040      0.00001
      0.10244      0.00724      0.00652      0.00071      0.00001
      0.10361      0.00665      0.00541      0.00123      0.00002
      0.10478      0.00679      0.00469      0.00207      0.00003
      0.10594      0.00790      0.00446      0.00339      0.00005
      0.10711      0.01028      0.00482      0.00538      0.00007
      0.10828      0.01430      0.00589      0.00829      0.00012
      0.10945      0.02038      0.00779      0.01241      0.00017
      0.11062      0.02895      0.01066      0.01804      0.00025
      0.11178      0.04043      0.01463      0.02545      0.00035
      0.11295      0.05512      0.01978      0.03485      0.00048
      0.11412      0.07316      0.02616      0.04635      0.00064
      0.11529      0.09431      0.03363      0.05985      0.00083
      0.11645      0.11823      0.04216      0.07503      0.00104
      0.11762      0.14390      0.05131      0.09132      0.00127
      0.11879      0.17004      0.06063      0.10791      0.00150
      0.11996      0.19509      0.06957      0.12381      0.00172
      0.12112      0.21732      0.07749      0.13791      0.00191
      0.12229      0.23504      0.08381      0.14916      0.00207
      0.12346      0.24680      0.08800      0.15662      0.00217
      0.12463      0.25161      0.08972      0.15967      0.00222
      0.12579      0.24905      0.08881      0.15805      0.00219
      0.12696      0.23934      0.08534      0.15189      0.00211
      0.12813      0.22332      0.07963      0.14172      0.00197
      0.12930      0.20230      0.07214      0.12838      0.00178
      0.13047      0.17793      0.06345      0.11292      0.00157
      0.13163      0.15195      0.05418      0.09643      0.00134
      0.13280      0.12598      0.04492      0.07995      0.00111
      0.13397      0.10141      0.03616      0.06435      0.00089
      0.13514      0.07925      0.02826      0.05030      0.00070
      0.13630      0.06014      0.02144      0.03816      0.00053
      0.13747      0.04430      0.01580      0.02812      0.00039
      0.13864      0.03169      0.01130      0.02011      0.00028
      0.13981      0.02201      0.00785      0.01397      0.00019
      0.14097      0.01484      0.00529      0.00942      0.00013
      0.14214      0.00971      0.00346      0.00616      0.00009
      0.14331      0.00617      0.00220      0.00392      0.00005
      0.14448      0.00381      0.00136      0.00242      0.00003
      0.14564      0.00228      0.00081      0.00145      0.00002
      0.14681      0.00133      0.00047      0.00084      0.00001
      0.14798      0.00000      0.00000      0.00000      0.00000
      0.14915      0.00000      0.00000      0.00000      0.00000
      0.15032      0.00000      0.00000      0.00000      0.00000
      0.15148      0.00000      0.00000      0.00000      0.00000
      0.15265      0.00000      0.00000      0.00000      0.00000
      0.15382      0.00000      0.00000      0.00000      0.00000
      0.15499      0.00000      0.00000      0.00000      0.00000
      0.15615      0.00000      0.00000      0.00000      0.00000
      0.15732      0.00000      0.00000      0.00000      0.00000
      0.15849      0.00136      0.00016      0.00116      0.00004
      0.15966      0.00249      0.00029      0.00212      0.00007
      0.16082      0.00443      0.00052      0.00378      0.00012
      0.16199      0.00765      0.00090      0.00653      0.00021
      0.16316      0.01283      0.00152      0.01096      0.00035
      0.16433      0.02091      0.00247      0.01786      0.00058
      0.16549      0.03306      0.00391      0.02825      0.00091
      0.16666      0.05077      0.00600      0.04337      0.00140
      0.16783      0.07569      0.00894      0.06466      0.00209
      0.16900      0.10957      0.01294      0.09360      0.00302
      0.17016      0.15398      0.01819      0.13154      0.00425
      0.17133      0.21010      0.02482      0.17948      0.00580
      0.17250      0.27833      0.03288      0.23777      0.00768
      0.17367      0.35799      0.04229      0.30582      0.00988
      0.17484      0.44705      0.05282      0.38189      0.01234
      0.17600      0.54202      0.06404      0.46302      0.01496
      0.17717      0.63804      0.07538      0.54505      0.01761
      0.17834      0.72921      0.08615      0.62294      0.02012
      0.17951      0.80916      0.09560      0.69123      0.02233
      0.18067      0.87175      0.10299      0.74470      0.02406
      0.18184      0.91185      0.10773      0.77895      0.02516
      0.18301      0.92604      0.10941      0.79107      0.02556
      0.18418      0.91308      0.10788      0.78000      0.02520
      0.18534      0.87410      0.10327      0.74671      0.02412
      0.18651      0.81244      0.09599      0.69403      0.02242
      0.18768      0.73315      0.08662      0.62630      0.02023
      0.18885      0.64235      0.07589      0.54873      0.01773
      0.19001      0.54641      0.06456      0.46678      0.01508
      0.19118      0.45128      0.05332      0.38551      0.01245
      0.19235      0.36187      0.04275      0.30913      0.00999
      0.19352      0.28288      0.03338      0.24159      0.00791
      0.19469      0.21508      0.02534      0.18362      0.00612
      0.19585      0.16009      0.01879      0.13655      0.00475
      0.19702      0.11796      0.01372      0.10041      0.00383
      0.19819      0.08815      0.01005      0.07469      0.00341
      0.19936      0.06990      0.00766      0.05872      0.00352
      0.20052      0.06255      0.00644      0.05186      0.00425
      0.20169      0.06595      0.00634      0.05381      0.00579
      0.20286      0.07988      0.00728      0.06443      0.00817
      0.20403      0.10489      0.00927      0.08400      0.01162
      0.20519      0.14159      0.01236      0.11293      0.01630
      0.20636      0.18800      0.01627      0.14941      0.02232
      0.20753      0.25053      0.02178      0.19878      0.02997
      0.20870      0.32437      0.02835      0.25687      0.03915
      0.20986      0.40811      0.03590      0.32240      0.04981
      0.21103      0.49909      0.04426      0.39308      0.06175
      0.21220      0.59341      0.05315      0.46561      0.07464
      0.21337      0.68618      0.06221      0.53590      0.08806
      0.21454      0.77196      0.07102      0.59946      0.10149
      0.21570      0.84536      0.07915      0.65183      0.11437
      0.21687      0.90160      0.08621      0.68921      0.12618
      0.21804      0.93713      0.09186      0.70886      0.13641
      0.21921      0.95000      0.09585      0.70948      0.14467
      0.22037      0.94009      0.09805      0.69139      0.15065
      0.22154      0.90898      0.09843      0.65640      0.15414
      0.22271      0.85965      0.09705      0.60756      0.15504
      0.22388      0.79607      0.09405      0.54869      0.15333
      0.22504      0.72261      0.08960      0.48394      0.14907
      0.22621      0.64361      0.08392      0.41727      0.14242
      0.22738      0.56296      0.07727      0.35209      0.13360
      0.22855      0.48392      0.06989      0.29106      0.12296
      0.22971      0.40895      0.06206      0.23598      0.11091
      0.23088      0.33979      0.05404      0.18781      0.09794
      0.23205      0.27844      0.04614      0.14765      0.08465
      0.23322      0.22441      0.03857      0.11435      0.07149
      0.23439      0.17853      0.03156      0.08798      0.05899
      0.23555      0.14097      0.02531      0.06808      0.04759
      0.23672      0.11184      0.01994      0.05430      0.03760
      0.23789      0.09125      0.01554      0.04646      0.02925
      0.23906      0.07947      0.01215      0.04466      0.02266
      0.24022      0.07694      0.00979      0.04931      0.01784
      0.24139      0.08185      0.00823      0.05913      0.01449
      0.24256      0.10105      0.00796      0.07986      0.01323
      0.24373      0.13132      0.00861      0.10921      0.01350
      0.24489      0.17353      0.01014      0.14818      0.01522
      0.24606      0.22805      0.01251      0.19726      0.01828
      0.24723      0.29441      0.01564      0.25624      0.02253
      0.24840      0.37111      0.01941      0.32394      0.02776
      0.24956      0.45579      0.02377      0.39810      0.03391
      0.25073      0.54516      0.02861      0.47567      0.04089
      0.25190      0.63362      0.03355      0.55195      0.04811
      0.25307      0.71591      0.03842      0.62211      0.05538
      0.25424      0.78693      0.04311      0.68122      0.06260
      0.25540      0.84229      0.04755      0.72497      0.06977
      0.25657      0.87925      0.05185      0.75022      0.07718
      0.25774      0.89712      0.05626      0.75552      0.08534
      0.25891      0.89754      0.06118      0.74131      0.09504
      0.26007      0.88656      0.06738      0.71157      0.10762
      0.26124      0.86723      0.07521      0.66833      0.12369
      0.26241      0.84765      0.08540      0.61774      0.14450
      0.26358      0.83494      0.09845      0.56562      0.17087
      0.26474      0.83541      0.11459      0.51765      0.20317
      0.26591      0.85379      0.13376      0.47885      0.24118
      0.26708      0.89277      0.15551      0.45323      0.28404
      0.26825      0.95286      0.17903      0.44362      0.33020
      0.26941      1.03326      0.20333      0.45199      0.37794
      0.27058      1.13041      0.22705      0.47882      0.42454
      0.27175      1.24110      0.24897      0.52428      0.46785
      0.27292      1.36162      0.26803      0.58774      0.50584
      0.27408      1.48843      0.28342      0.66796      0.53706
      0.27525      1.61828      0.29470      0.76288      0.56070
      0.27642      1.74802      0.30183      0.86947      0.57672
      0.27759      1.87425      0.30504      0.98352      0.58569
      0.27876      1.99290      0.30479      1.09951      0.58861
      0.27992      2.09600      0.30146      1.20808      0.58646
      0.28109      2.18549      0.29593      1.30855      0.58101
      0.28226      2.25029      0.28834      1.38908      0.57287
      0.28343      2.28504      0.27896      1.44333      0.56275
      0.28459      2.28549      0.26795      1.46651      0.55103
      0.28576      2.24936      0.25540      1.45617      0.53779
      0.28693      2.17682      0.24141      1.41252      0.52289
      0.28810      2.07066      0.22609      1.33850      0.50606
      0.28926      1.93593      0.20967      1.23929      0.48696
      0.29043      1.77935      0.19241      1.12167      0.46526
      0.29160      1.60844      0.17464      0.99309      0.44070
      0.29277      1.43068      0.15670      0.86083      0.41315
      0.29393      1.25284      0.13892      0.73128      0.38265
      0.29510      1.08054      0.12161      0.60946      0.34947
      0.29627      0.91801      0.10503      0.49883      0.31416
      0.29744      0.76570      0.08878      0.40061      0.27632
      0.29861      0.63155      0.07457      0.31725      0.23973
      0.29977      0.51231      0.06153      0.24722      0.20356
      0.30094      0.40839      0.04981      0.18960      0.16897
      0.30211      0.31942      0.03949      0.14309      0.13684
      0.30328      0.24509      0.03067      0.10620      0.10822
      0.30444      0.18515      0.02344      0.07792      0.08379
      0.30561      0.13721      0.01755      0.05633      0.06332
      0.30678      0.10058      0.01301      0.04053      0.04703
      0.30795      0.06822      0.00917      0.02527      0.03377
      0.30911      0.05365      0.00733      0.02050      0.02581
      0.31028      0.04655      0.00654      0.01872      0.02129
      0.31145      0.04723      0.00686      0.02018      0.02020
      0.31262      0.05635      0.00841      0.02527      0.02268
      0.31378      0.07496      0.01137      0.03459      0.02901
      0.31495      0.10450      0.01598      0.04889      0.03964
      0.31612      0.14657      0.02249      0.06899      0.05510
      0.31729      0.20119      0.03094      0.09510      0.07515
      0.31846      0.27443      0.04212      0.12983      0.10248
      0.31962      0.36238      0.05556      0.17150      0.13532
      0.32079      0.46498      0.07120      0.22017      0.17361
      0.32196      0.57999      0.08866      0.27481      0.21652
      0.32313      0.70360      0.10729      0.33371      0.26261
      0.32429      0.83073      0.12623      0.39454      0.30996
      0.32546      0.95548      0.14447      0.45464      0.35636
      0.32663      1.07196      0.16099      0.51140      0.39958
      0.32780      1.17512      0.17485      0.56259      0.43769
      0.32896      1.26156      0.18535      0.60683      0.46938
      0.33013      1.33012      0.19214      0.64377      0.49420
      0.33130      1.38204      0.19528      0.67417      0.51258
      0.33247      1.42063      0.19518      0.69973      0.52573
      0.33363      1.45051      0.19254      0.72261      0.53537
      0.33480      1.47647      0.18821      0.74495      0.54331
      0.33597      1.50227      0.18303      0.76821      0.55103
      0.33714      1.52965      0.17767      0.79274      0.55925
      0.33831      1.55769      0.17251      0.81745      0.56773
      0.33947      1.58281      0.16761      0.83993      0.57527
      0.34064      1.59938      0.16275      0.85672      0.57990
      0.34181      1.60074      0.15748      0.86399      0.57927
      0.34298      1.58059      0.15130      0.85820      0.57109
      0.34414      1.53422      0.14374      0.83680      0.55368
      0.34531      1.45954      0.13453      0.79875      0.52626
      0.34648      1.35753      0.12360      0.74476      0.48916
      0.34765      1.23219      0.11118      0.67722      0.44379
      0.34881      1.08990      0.09770      0.59979      0.39241
      0.34998      0.93849      0.08374      0.51694      0.33781
      0.35115      0.78609      0.06990      0.43328      0.28290
      0.35232      0.63509      0.05601      0.35062      0.22846
      0.35348      0.50378      0.04443      0.27813      0.18123
      0.35465      0.38821      0.03422      0.21420      0.13979
      0.35582      0.29053      0.02559      0.16017      0.10477
      0.35699      0.21223      0.01860      0.11690      0.07673
      0.35815      0.15137      0.01314      0.08311      0.05512
      0.35932      0.10673      0.00904      0.05816      0.03953
      0.36049      0.07630      0.00610      0.04090      0.02930
      0.36166      0.05818      0.00409      0.03023      0.02387
      0.36283      0.05232      0.00283      0.02651      0.02298
      0.36399      0.05633      0.00214      0.02785      0.02634
      0.36516      0.07115      0.00193      0.03507      0.03415
      0.36633      0.09219      0.00162      0.04581      0.04476
      0.36750      0.13652      0.00240      0.06914      0.06498
      0.36866      0.19513      0.00345      0.10127      0.09041
      0.36983      0.27509      0.00494      0.14628      0.12388
      0.37100      0.37550      0.00677      0.20415      0.16458
      0.37217      0.50099      0.00905      0.27803      0.21390
      0.37333      0.65405      0.01182      0.36979      0.27244
      0.37450      0.83658      0.01509      0.48067      0.34082
      0.37567      1.04987      0.01889      0.61118      0.41980
      0.37684      1.29463      0.02323      0.76092      0.51048
      0.37800      1.57111      0.02811      0.92856      0.61443
      0.37917      1.87916      0.03358      1.11188      0.73370
      0.38034      2.21818      0.03969      1.30785      0.87064
      0.38151      2.58676      0.04652      1.51275      1.02748
      0.38268      2.98208      0.05415      1.72230      1.20564
      0.38384      3.39911      0.06262      1.93162      1.40488
      0.38501      3.82963      0.07193      2.13525      1.62245
      0.38618      4.26145      0.08195      2.32707      1.85243
      0.38735      4.67811      0.09243      2.50024      2.08544
      0.38851      5.05975      0.10297      2.64770      2.30909
      0.38968      5.38616      0.11303      2.76320      2.50993
      0.39085      5.63036      0.12190      2.83731      2.67115
      0.39202      5.77391      0.12891      2.86519      2.77981
      0.39318      5.80232      0.13345      2.84318      2.82569
      0.39435      5.70954      0.13506      2.77083      2.80365
      0.39552      5.49982      0.13353      2.65157      2.71473
      0.39669      5.18826      0.12893      2.49301      2.56632
      0.39785      4.79977      0.12165      2.30668      2.37144
      0.39902      4.36671      0.11234      2.10715      2.14723
      0.40019      3.92534      0.10182      1.91066      1.91286
      0.40136      3.51170      0.09100      1.73338      1.68732
      0.40253      3.15912      0.08076      1.59008      1.48827
      0.40369      2.89090      0.07183      1.49085      1.32822
      0.40486      2.71798      0.06463      1.43959      1.21376
      0.40603      2.65099      0.05963      1.44193      1.14942
      0.40720      2.67679      0.05667      1.48884      1.13129
      0.40836      2.77811      0.05547      1.56998      1.15266
      0.40953      2.93357      0.05560      1.67320      1.20478
      0.41070      3.10940      0.05645      1.77754      1.27541
      0.41187      3.28748      0.05751      1.87482      1.35515
      0.41303      3.44036      0.05817      1.94745      1.43474
      0.41420      3.55252      0.05802      1.98641      1.50809
      0.41537      3.60962      0.05675      1.98662      1.56625
      0.41654      3.63175      0.05433      1.95316      1.62427
      0.41770      3.60640      0.05031      1.88585      1.67025
      0.41887      3.57742      0.04604      1.81137      1.72000
      0.42004      3.54509      0.04106      1.73387      1.77015
      0.42121      3.52917      0.03573      1.66929      1.82415
      0.42238      3.54803      0.03038      1.63355      1.88410
      0.42354      3.61183      0.02532      1.63777      1.94874
      0.42471      3.72434      0.02072      1.68948      2.01413
      0.42588      3.88544      0.01672      1.79270      2.07601
      0.42705      4.08795      0.01336      1.94556      2.12904
      0.42821      4.32108      0.01061      2.14222      2.16825
      0.42938      4.57151      0.00842      2.37313      2.18996
      0.43055      4.82535      0.00671      2.62626      2.19238
      0.43172      5.06980      0.00541      2.88846      2.17592
      0.43288      5.29440      0.00445      3.14681      2.14314
      0.43405      5.49188      0.00379      3.38975      2.09834
      0.43522      5.65825      0.00339      3.60784      2.04701
      0.43639      5.79530      0.00321      3.79455      1.99753
      0.43755      5.89315      0.00317      3.94088      1.94910
      0.43872      5.97589      0.00360      4.05591      1.91638
      0.43989      6.03058      0.00422      4.12997      1.89639
      0.44106      6.05824      0.00500      4.16278      1.89046
      0.44223      6.05783      0.00589      4.15411      1.89783
      0.44339      6.02675      0.00681      4.10384      1.91610
      0.44456      5.96204      0.00762      4.01240      1.94202
      0.44573      5.86195      0.00822      3.88136      1.97237
      0.44690      5.72757      0.00847      3.71416      2.00495
      0.44806      5.56385      0.00826      3.51647      2.03913
      0.44923      5.37980      0.00753      3.29624      2.07602
      0.45040      5.18253      0.00624      3.06217      2.11412
      0.45157      4.99753      0.00442      2.82723      2.16587
      0.45273      4.82848      0.00216      2.59970      2.22663
      0.45390      4.68549     -0.00044      2.38812      2.29780
      0.45507      4.56859     -0.00319      2.19735      2.37443
      0.45624      4.47432     -0.00593      2.02943      2.45082
      0.45740      4.37721     -0.00847      1.87249      2.51318
      0.45857      4.29889     -0.01063      1.74746      2.56205
      0.45974      4.19925     -0.01228      1.63172      2.57981
      0.46091      4.06566     -0.01335      1.51995      2.55907
      0.46207      3.89029     -0.01380      1.40758      2.49652
      0.46324      3.67218     -0.01364      1.29185      2.39396
      0.46441      3.41791     -0.01294      1.17236      2.25849
      0.46558      3.13466     -0.01179      1.04551      2.10094
      0.46675      2.85508     -0.01034      0.92833      1.93709
      0.46791      2.58845     -0.00869      0.81646      1.78068
      0.46908      2.35275     -0.00697      0.71487      1.64485
      0.47025      2.15686     -0.00528      0.62478      1.53736
      0.47142      2.01288     -0.00374      0.55241      1.46421
      0.47258      1.92720     -0.00231      0.50017      1.42934
      0.47375      1.88191     -0.00109      0.46158      1.42141
      0.47492      1.86756     -0.00009      0.43599      1.43165
      0.47609      1.86788      0.00070      0.41851      1.44867
      0.47725      1.86739      0.00127      0.40524      1.46088
      0.47842      1.85265      0.00166      0.39256      1.45843
      0.47959      1.81425      0.00189      0.37769      1.43467
      0.48076      1.74795      0.00198      0.35894      1.38703
      0.48192      1.65504      0.00196      0.33587      1.31721
      0.48309      1.54161      0.00185      0.30912      1.23064
      0.48426      1.40659      0.00174      0.27661      1.12823
      0.48543      1.28755      0.00153      0.24901      1.03701
      0.48660      1.17800      0.00132      0.22250      0.95418
      0.48776      1.08798      0.00112      0.19913      0.88773
      0.48893      1.02391      0.00095      0.18028      0.84268
      0.49010      0.98802      0.00080      0.16659      0.82062
      0.49127      0.97831      0.00069      0.15795      0.81967
      0.49243      0.99051      0.00061      0.15381      0.83609
      0.49360      1.01476      0.00055      0.15266      0.86155
      0.49477      1.04254      0.00052      0.15317      0.88886
      0.49594      1.06541      0.00050      0.15397      0.91094
      0.49710      1.07550      0.00049      0.15379      0.92121
      0.49827      1.06859      0.00050      0.15189      0.91619
      0.49944      1.04356      0.00052      0.14799      0.89505
      0.50061      1.00279      0.00056      0.14233      0.85990
      0.50177      0.94552      0.00061      0.13437      0.81053
      0.50294      0.89481      0.00071      0.12828      0.76582
      0.50411      0.84941      0.00085      0.12323      0.72533
      0.50528      0.81868      0.00104      0.12056      0.69708
      0.50645      0.81051      0.00128      0.12137      0.68786
      0.50761      0.83029      0.00158      0.12637      0.70234
      0.50878      0.88017      0.00192      0.13579      0.74246
      0.50995      0.95871      0.00231      0.14929      0.80711
      0.51112      1.06092      0.00271      0.16603      0.89218
      0.51228      1.17864      0.00310      0.18465      0.99088
      0.51345      1.30143      0.00347      0.20353      1.09443
      0.51462      1.41766      0.00377      0.22085      1.19304
      0.51579      1.51578      0.00398      0.23489      1.27691
      0.51695      1.58561      0.00409      0.24415      1.33737
      0.51812      1.62006      0.00408      0.24761      1.36837
      0.51929      1.61418      0.00396      0.24474      1.36547
      0.52046      1.56389      0.00374      0.23510      1.32506
      0.52162      1.48278      0.00342      0.22067      1.25869
      0.52279      1.37288      0.00343      0.20259      1.16686
      0.52396      1.24090      0.00335      0.18116      1.05639
      0.52513      1.09941      0.00351      0.15868      0.93722
      0.52630      0.96079      0.00410      0.13704      0.81966
      0.52746      0.83729      0.00535      0.11810      0.71385
      0.52863      0.74072      0.00760      0.10373      0.62939
      0.52980      0.68207      0.01129      0.09577      0.57501
      0.53097      0.67136      0.01698      0.09604      0.55834
      0.53213      0.71740      0.02531      0.10637      0.58571
      0.53330      0.82746      0.03701      0.12855      0.66189
      0.53447      1.00669      0.05280      0.16423      0.78967
      0.53564      1.25725      0.07329      0.21466      0.96930
      0.53680      1.57957      0.09898      0.28137      1.19922
      0.53797      1.96514      0.12977      0.36292      1.47245
      0.53914      2.40116      0.16526      0.45823      1.77766
      0.54031      2.86657      0.20439      0.56379      2.09840
      0.54147      3.34671      0.24554      0.67667      2.42449
      0.54264      3.80899      0.28654      0.79033      2.73212
      0.54381      4.22479      0.32487      0.89879      3.00114
      0.54498      4.57416      0.35795      0.99605      3.22016
      0.54614      4.83553      0.38343      1.07679      3.37531
      0.54731      4.99802      0.39953      1.13748      3.46101
      0.54848      5.06275      0.40523      1.17695      3.48057
      0.54965      5.04245      0.40050      1.19675      3.44519
      0.55082      4.95590      0.38622      1.20007      3.36961
      0.55198      4.83050      0.36405      1.19225      3.27419
      0.55315      4.69493      0.33620      1.17924      3.17949
      0.55432      4.57557      0.30507      1.16669      3.10381
      0.55549      4.49270      0.27291      1.15905      3.06074
      0.55665      4.45806      0.24161      1.15892      3.05753
      0.55782      4.47387      0.21250      1.16672      3.09465
      0.55899      4.53362      0.18630      1.18090      3.16642
      0.56016      4.62412      0.16318      1.19835      3.26258
      0.56132      4.72835      0.14292      1.21513      3.37030
      0.56249      4.82846      0.12506      1.22717      3.47624
      0.56366      4.90823      0.10906      1.23095      3.56822
      0.56483      4.95472      0.09448      1.22386      3.63638
      0.56599      4.95575      0.08098      1.20447      3.67030
